54	4	0
54	4.4382	0.587518
54	5.10102	1.12832
54	5.76178	1.66715
54	6.42219	2.20886
54	7.08532	2.76096
54	7.76138	3.34187
54	7.39556	3.48644
54	7.27981	3.71727
54	7.24168	3.98769
54	7.10367	4.22926
54	6.98983	4.48078
54	6.8497	4.7255
54	6.70454	4.97016
54	6.55087	5.21371
54	6.39117	5.45729
54	6.22572	5.70164
54	6.05463	5.94744
54	5.87768	6.19517
54	5.95289	6.68567
54	5.73768	7.06273
54	5.5624	7.4584
54	5.24136	7.8161
54	4.93352	8.2534
54	4.60092	8.73838
54	4.29095	9.44601
54	3.87608	10.2457
54	4.33145	11.1207
54	3.82752	11.6756
54	4.29238	12.5521

86	4	0
86	4.44778	0.590708
86	5.10437	1.12301
86	5.75858	1.65147
86	6.41107	2.18194
86	7.06297	2.72045
86	7.71636	3.27456
86	7.29737	3.48611
86	6.99752	3.73776
86	6.84565	4.03847
86	6.62864	3.97092
86	6.9739	4.42425
86	6.6457	4.3441
86	6.79732	4.75088
86	6.46338	4.70523
86	6.34578	5.04698
86	6.08686	5.05067
86	6.36453	5.48669
86	6.02157	5.45675
86	5.856	5.78854
86	5.60005	5.77889
86	5.83503	6.20124
86	5.71613	6.64613
86	5.39438	7.06327
86	5.10441	7.52363
86	4.78255	8.01506
86	4.56935	8.67158
86	4.33711	9.37659
86	4.12887	10.0511
86	3.8881	10.7257

9	4	0
9	4.37202	0.555366
9	4.98603	1.09246
9	5.59716	1.62829
9	6.20622	2.16433
9	6.81429	2.70381
9	7.42249	3.24972
9	7.11396	3.46479
9	6.93241	3.74194
9	6.87919	4.07288
9	6.71663	4.3687
9	6.441	4.33027
9	6.6695	4.74412
9	6.35769	4.70295
9	6.45452	5.07457
9	6.14577	5.04405
9	6.21684	5.40633
9	5.91344	5.38778
9	5.9791	5.74917
9	5.73419	5.99764
9	5.53417	6.27221
9	5.65634	6.74953
9	5.57239	7.1772
9	5.38763	7.5735
9	5.04361	7.91703
9	4.81798	8.32621
9	4.48211	8.79012
9	4.24151	9.28774
9	3.94981	10.0263
9	4.4071	10.8983

10	4	0
10	4.42156	0.567055
10	5.03994	1.12586
10	5.6556	1.68377
10	6.26922	2.24261
10	6.8817	2.80444
10	7.49363	3.37134
10	7.20588	3.54004
10	7.02204	3.76384
10	6.94316	4.04005
10	6.79223	4.28469
10	6.64474	4.53179
10	6.4377	4.50594
10	6.53309	4.83793
10	6.33567	5.05003
10	6.16961	5.27985
10	6.01445	5.51511
10	5.85973	5.75042
10	5.70285	5.98479
10	5.54335	6.21839
10	5.65439	6.73312
10	5.4827	7.10014
10	5.15213	7.41592
10	4.93836	7.80154
10	4.7409	8.20224
10	4.51008	8.82864
10	4.2654	9.55304
10	3.92028	10.3283
10	4.40256	11.2019
10	3.81705	12.003

85	4	0
85	4.55415	0.586856
85	5.1915	1.13243
85	5.82669	1.68121
85	6.46037	2.23498
85	7.09374	2.79772
85	7.72999	3.38327
85	7.41184	3.52917
85	7.18308	3.68805
85	7.01507	3.89348
85	6.88861	4.12981
85	6.76658	4.37791
85	6.61302	4.49242
85	6.55989	4.77969
85	6.38283	4.88912
85	6.27062	5.0262
85	6.17692	5.17013
85	6.14842	5.4801
85	5.95554	5.58268
85	5.82475	5.71018
85	5.75672	6.01795
85	5.78293	6.45403
85	5.71436	6.85361
85	5.4335	7.15349
85	5.22507	7.49793
85	5.03778	7.8519
85	4.85236	8.20564
85	4.63636	8.71099
85	4.39123	9.23721
85	3.95651	10.0463

20	4	0
20	4.48374	0.597333
20	5.13266	1.14927
20	5.77965	1.69805
20	6.4252	2.24817
20	7.07007	2.80474
20	7.71634	3.37393
20	7.32557	3.62631
20	7.02552	3.89789
20	6.77642	4.2184
20	6.62683	4.25799
20	6.67407	4.61481
20	6.48675	4.62864
20	6.47714	4.97087
20	6.25884	5.03401
20	6.13687	5.36401
20	5.96577	5.41752
20	5.86293	5.76518
20	5.68232	5.80342
20	5.6421	6.14327
20	5.73715	6.62812
20	5.5174	7.05902
20	5.35969	7.50238
20	5.17426	7.93823
20	5.00297	8.3772
20	4.79324	8.81463
20	4.59225	9.25685
20	4.3379	9.88414
20	4.05456	10.52
20	3.62321	11.1481

30	4	0
30	4.5202	0.64735
30	5.13782	1.19962
30	5.75296	1.74679
30	6.36674	2.29499
30	6.9808	2.85108
30	7.59882	3.42124
30	7.1674	3.66122
30	6.83062	3.56328
30	6.66004	3.90917
30	6.47278	3.90259
30	6.77391	4.34912
30	6.43333	4.2657
30	6.24889	4.31541
30	6.34541	4.70736
30	6.05876	4.66587
30	6.12647	5.03893
30	5.86434	5.06382
30	5.78407	5.43498
30	5.55974	5.48914
30	5.5386	5.86799
30	5.29178	5.9282
30	5.32063	6.32117
30	5.28007	6.97368
30	5.02225	7.49648
30	4.72251	8.03889
30	4.41526	8.79064
30	4.29986	9.47281
30	4.1695	10.1381
30	3.98451	10.8121

99	4	0
99	4.48631	0.620193
99	5.12174	1.18695
99	5.75488	1.74667
99	6.38659	2.30561
99	7.01811	2.87012
99	7.65275	3.44518
99	7.2877	3.30345
99	7.04773	3.53657
99	7.24189	3.89783
99	6.94465	4.1023
99	6.8189	4.3921
99	6.68303	4.68528
99	6.45383	4.57893
99	6.73172	4.97709
99	6.4145	5.18145
99	6.22543	5.46117
99	6.07554	5.76589
99	5.831	5.68529
99	6.02521	6.08626
99	6.03981	6.57909
99	5.67067	6.9273
99	5.53529	7.36531
99	5.35761	7.79463
99	4.97969	8.17089
99	4.7753	8.61656
99	4.58348	9.07058
99	4.18471	9.5375
99	3.9605	10.2339
99	4.39337	11.1067

34	4	0
34	4.44953	0.572646
34	5.10278	1.09358
34	5.75358	1.61318
34	6.40226	2.13742
34	7.04808	2.67914
34	7.69393	3.23113
34	7.27456	3.40621
34	7.00232	3.64785
34	7.07503	3.98484
34	6.77327	4.24049
34	6.96595	4.63013
34	6.59581	4.85488
34	6.30167	5.13042
34	6.34527	5.48662
34	6.04014	5.38213
34	6.24069	5.77395
34	5.87588	5.99529
34	5.59383	6.25285
34	5.60716	6.85314
34	5.39204	7.43935
34	4.97233	7.88749
34	4.70886	8.57074
34	4.40724	9.28259
34	4.08258	10.0242
34	3.95231	10.6679
34	4.43864	11.5394
34	3.89982	12.1237
34	4.39326	12.9966
34	3.88185	13.2128

37	4	0
37	4.36417	0.573796
37	5.01609	1.1153
37	5.66439	1.65309
37	6.31115	2.19802
37	6.95987	2.7642
37	7.62257	3.37315
37	7.23538	3.59559
37	7.04575	3.62547
37	7.01484	3.99027
37	6.79664	3.91977
37	6.8013	3.95224
37	6.87898	4.33084
37	6.6302	4.25288
37	6.63851	4.34006
37	6.54617	4.41827
37	6.51037	4.77339
37	6.31561	4.81148
37	6.26578	4.89492
37	6.19593	4.9866
37	6.13717	5.08322
37	6.034	5.41922
37	5.84277	5.39563
37	5.94276	5.77753
37	5.6537	5.68544
37	5.6879	6.05264
37	5.65239	6.54686
37	5.3793	7.01233
37	5.05092	7.49335
37	4.73574	8.00506

48	4	0
48	4.55677	0.57651
48	5.18442	1.12215
48	5.80988	1.67124
48	6.43367	2.22592
48	7.0567	2.78995
48	7.68098	3.3741
48	7.43591	3.62828
48	7.22573	3.7894
48	7.05159	3.9523
48	6.91135	4.12409
48	6.69246	4.21824
48	6.57444	4.35544
48	6.47665	4.49988
48	6.37075	4.64172
48	6.266	4.7833
48	6.1593	4.92288
48	6.05193	5.06021
48	5.94382	5.19455
48	5.83536	5.32533
48	5.72685	5.45195
48	5.61865	5.5738
48	5.62707	5.73472
48	5.48974	5.84808
48	5.38838	5.97048
48	5.28465	6.08718
48	5.40895	6.58198
48	5.30866	6.94207
48	5.33321	7.3462
48	5.16472	7.63844

89	4	0
89	4.41022	0.559239
89	5.03043	1.11718
89	5.6479	1.67381
89	6.26334	2.23085
89	6.87757	2.79016
89	7.4911	3.35323
89	7.21134	3.48749
89	7.07389	3.7158
89	6.97675	3.96609
89	6.86026	4.2095
89	6.7352	4.44971
89	6.62619	4.69548
89	6.48875	4.92688
89	6.3476	5.15615
89	6.2023	5.38337
89	6.05386	5.60966
89	5.90311	5.83629
89	5.75072	6.06458
89	5.84383	6.57096
89	5.77418	7.01841
89	5.56929	7.41359
89	5.40507	7.82935
89	5.02772	8.21975
89	4.75102	8.68521
89	4.51753	9.18465
89	4.15183	9.77257
89	3.81282	10.4234
89	4.28235	11.2979
89	3.74322	12.0318

7	4	0
7	4.37615	0.567759
7	5.01793	1.10641
7	5.65704	1.64243
7	6.29448	2.18199
7	6.93181	2.73261
7	7.5736	3.30153
7	7.19908	3.56117
7	6.98906	3.88254
7	6.84817	4.22939
7	6.66153	4.57244
7	6.4893	4.60602
7	6.46303	4.99293
7	6.24183	5.0517
7	6.12959	5.41699
7	5.94701	5.47864
7	5.83206	5.83781
7	5.6515	5.82743
7	5.52284	6.18246
7	5.38297	6.82331
7	5.04306	7.32881
7	4.69244	7.85712
7	4.38326	8.56132
7	4.04761	9.27654
7	3.69634	10.0348
7	4.09726	10.9066
7	3.62871	11.349
7	4.03374	12.2222
7	3.53558	12.6363
7	3.94762	13.5105

81	4	0
81	4.46388	0.584425
81	5.12483	1.09937
81	5.78351	1.61019
81	6.44103	2.12067
81	7.09839	2.64114
81	7.75819	3.17752
81	7.34358	3.40541
81	7.07843	3.61834
81	6.96077	3.87605
81	6.83947	4.13537
81	6.7304	4.39599
81	6.59148	4.65243
81	6.45119	4.91414
81	6.29767	5.17883
81	6.13863	5.45083
81	5.97131	5.73099
81	5.73417	5.74301
81	5.83347	6.08903
81	5.96286	6.59661
81	5.62243	6.9748
81	5.49398	7.41083
81	5.29966	7.83559
81	4.93781	8.235
81	4.73912	8.68272
81	4.51729	9.1336
81	4.29948	9.79527
81	3.97527	10.5035
81	4.47449	11.3739
81	3.83229	12.17

2	4	0
2	4.54685	0.589787
2	5.16712	1.1266
2	5.78523	1.66727
2	6.40164	2.21313
2	7.0171	2.76684
2	7.63289	3.33515
2	7.37857	3.56092
2	7.23665	3.70152
2	7.12878	3.85822
2	6.87423	3.82153
2	6.79958	3.88124
2	6.74711	3.9485
2	6.97104	4.17162
2	6.81317	4.36766
2	6.54415	4.32516
2	6.46585	4.39147
2	6.41082	4.46421
2	6.63757	4.70572
2	6.45593	4.91059
2	6.32428	5.0911
2	6.08295	5.08101
2	6.26533	5.32218
2	6.07499	5.51069
2	5.82165	5.48542
2	5.88407	5.79333
2	5.63603	5.77097
2	5.69244	6.07022
2	5.51723	6.72934
2	5.30882	7.25831

52	4	0
52	4.48038	0.589309
52	5.12188	1.16834
52	5.76049	1.74305
52	6.398	2.31666
52	7.037	2.89429
52	7.68328	3.48678
52	7.2665	3.67256
52	7.01543	3.92032
52	6.74844	3.82303
52	7.07722	4.21738
52	6.7523	4.43441
52	6.63827	4.71808
52	6.35352	4.62229
52	6.66004	4.99477
52	6.33296	5.19751
52	6.15104	5.46526
52	5.87284	5.38943
52	6.1576	5.7718
52	5.83411	6.00368
52	6.04445	6.52287
52	5.7232	6.90572
52	5.60699	7.33921
52	5.38276	7.75216
52	4.99457	8.14148
52	4.72552	8.57084
52	4.4633	9.01102
52	4.1302	9.49663
52	3.93021	10.1988
52	4.44432	11.0751

42	4	0
42	4.52098	0.649044
42	5.1417	1.22653
42	5.75924	1.79941
42	6.37519	2.3717
42	7.02143	2.88325
42	7.68821	3.43455
42	7.29239	3.59839
42	6.99606	3.56351
42	7.25776	4.00296
42	6.95174	3.96213
42	6.74264	3.98739
42	7.03118	4.44521
42	6.72838	4.41553
42	6.54513	4.46574
42	6.51114	4.59149
42	6.42304	4.6965
42	6.35325	4.81208
42	6.28121	4.92909
42	6.19871	5.04416
42	6.12215	5.16439
42	6.03623	5.28342
42	5.95069	5.40553
42	5.86	5.52858
42	5.76606	5.65366
42	5.66766	5.78057
42	5.56457	5.90962
42	5.77077	6.3665
42	5.79627	6.85108
42	5.65919	7.30368

1	4	0
1	4.34283	0.582395
1	4.98927	1.12876
1	5.63299	1.66868
1	6.27674	2.20804
1	6.92484	2.76141
1	7.59078	3.354
1	7.21807	3.6021
1	7.12164	3.85252
1	7.23915	4.17311
1	7.00859	4.11105
1	6.99511	4.40575
1	6.79245	4.36293
1	6.96849	4.69687
1	6.72508	4.64256
1	6.68674	4.91964
1	6.48146	4.88872
1	6.57712	5.20726
1	6.34786	5.17432
1	6.31198	5.47481
1	6.10794	5.46119
1	6.13305	5.80265
1	5.91173	6.09125
1	5.86545	6.58038
1	5.70524	7.04458
1	5.52025	7.50322
1	5.33818	7.96355
1	4.94705	8.36999
1	4.62494	8.81686
1	4.31915	9.27919

49	4	0
49	4.47822	0.571828
49	5.13347	1.12328
49	5.7867	1.67237
49	6.43849	2.22304
49	7.08973	2.77986
49	7.74237	3.34833
49	7.41045	3.5601
49	7.16711	3.47286
49	6.98614	3.77121
49	6.86535	3.74009
49	6.82585	4.07158
49	6.6932	4.04245
49	6.65112	4.37233
49	6.51428	4.34971
49	6.47593	4.67545
49	6.33771	4.66408
49	6.28043	4.99005
49	6.13904	4.98695
49	6.08996	5.30907
49	5.93414	5.44081
49	5.8193	5.57552
49	5.72005	5.89086
49	5.56253	6.03459
49	5.71813	6.60479
49	5.37129	7.05335
49	5.05848	7.54443
49	4.73315	8.07035
49	4.58153	8.77883
49	4.48476	9.39966

60	4	0
60	4.40469	0.590794
60	5.05762	1.14733
60	5.7071	1.70098
60	6.35594	2.26066
60	7.00991	2.84028
60	7.682	3.46045
60	7.28473	3.64938
60	6.94379	3.8595
60	6.81272	3.78957
60	6.75691	4.07361
60	6.55327	4.32459
60	6.52561	4.31419
60	6.41599	4.58849
60	6.24283	4.83646
60	6.18475	4.83765
60	6.08517	5.11612
60	5.88601	5.37422
60	5.71837	5.63836
60	5.54507	5.8985
60	5.36799	6.15748
60	5.26027	6.82178
60	4.89951	7.33339
60	4.53597	7.87449
60	4.26968	8.41369
60	3.8625	9.20908
60	4.26494	10.0798
60	3.8222	10.6107
60	4.25604	11.4822
60	3.80694	11.8894

25	4	0
25	4.51366	0.650751
25	5.13489	1.19631
25	5.7535	1.73403
25	6.37197	2.271
25	6.99328	2.82009
25	7.62749	3.39373
25	7.16196	3.56722
25	6.83799	3.72693
25	6.92535	4.07144
25	6.60864	3.92761
25	6.87342	4.31313
25	6.53242	4.16176
25	6.74064	4.52305
25	6.40249	4.69495
25	6.3152	4.99952
25	6.02625	4.8921
25	6.29124	5.29059
25	5.94858	5.1617
25	6.10076	5.53438
25	5.76072	5.75535
25	5.48735	5.67585
25	5.7211	6.09673
25	5.72395	6.62895
25	5.49723	7.05932
25	5.31403	7.50256
25	5.03593	7.93247
25	4.79922	8.38503
25	4.36741	8.84901
25	4.11161	9.37544

78	4	0
78	4.55406	0.57536
78	5.18851	1.10326
78	5.82103	1.63626
78	6.45246	2.17768
78	7.08454	2.73465
78	7.72276	3.33011
78	7.47418	3.49658
78	7.25796	3.68567
78	7.07491	3.8918
78	7.03469	3.97088
78	6.8743	4.18273
78	6.8392	4.26967
78	6.60587	4.27728
78	6.70367	4.54464
78	6.52156	4.74876
78	6.36136	4.96524
78	6.31458	5.08074
78	6.14368	5.29418
78	5.99959	5.51007
78	5.96181	5.63926
78	5.78366	5.83966
78	5.6312	6.04537
78	5.50315	6.68109
78	5.34204	7.24067
78	5.04602	7.79809
78	4.76265	8.39598
78	4.6968	8.96745
78	4.49271	9.52819
78	4.30973	10.1535

45	4	0
45	4.40243	0.560083
45	5.02675	1.09925
45	5.64827	1.63764
45	6.26759	2.17746
45	6.88541	2.72143
45	7.50208	3.27273
45	7.19582	3.46504
45	6.95834	3.71527
45	6.72026	3.7927
45	6.53975	3.796
45	6.55945	3.92004
45	6.44688	4.00304
45	6.39543	4.07286
45	6.32128	4.11715
45	6.65954	4.54647
45	6.38627	4.65254
45	6.16072	4.70375
45	6.01751	4.75281
45	5.956	4.82173
45	5.93789	4.93917
45	5.83998	5.02281
45	6.11752	5.43613
45	5.814	5.43919
45	5.61239	5.49318
45	5.82437	5.88952
45	5.55209	6.03161
45	5.67698	6.52376
45	5.40168	6.93633
45	5.11983	7.38997

40	4	0
40	4.29037	0.557698
40	4.9378	1.08488
40	5.58166	1.60716
40	6.2242	2.13512
40	6.8694	2.68272
40	7.52873	3.2769
40	7.15548	3.49911
40	6.95991	3.38092
40	7.22897	3.78235
40	6.91449	3.74322
40	6.82636	4.06867
40	6.62326	3.96323
40	6.88236	4.36164
40	6.50364	4.5701
40	6.3455	4.60833
40	6.3509	4.94846
40	6.10171	4.96631
40	6.08949	5.3077
40	5.83128	5.36312
40	5.84411	5.70817
40	5.53206	5.90644
40	5.41225	6.21336
40	5.36006	6.72163
40	5.19894	7.20773
40	4.99391	7.68223
40	4.76465	8.15266
40	4.51015	8.62429
40	4.3123	9.12305
40	4.13318	9.71906

3	4	0
3	4.53021	0.659798
3	5.14538	1.22001
3	5.7578	1.77698
3	6.36845	2.33588
3	7.01024	2.84189
3	7.66891	3.38921
3	7.24861	3.57068
3	6.91906	3.52522
3	6.72302	3.59284
3	6.7993	4.00394
3	6.54352	4.02278
3	6.44161	4.11189
3	6.42807	4.23472
3	6.3045	4.32062
3	6.32392	4.45207
3	6.19793	4.55599
3	6.13112	4.6689
3	6.07341	4.79635
3	5.96296	4.8997
3	5.93355	5.03052
3	5.86862	5.4095
3	5.63881	5.48111
3	5.52889	5.61971
3	5.4098	5.73838
3	5.42869	6.13992
3	5.47613	6.65384
3	5.39614	7.14163
3	5.41101	7.62203
3	5.15887	8.06404

93	4	0
93	4.50585	0.620581
93	5.15387	1.18529
93	5.80945	1.6351
93	6.45426	2.20062
93	7.10438	2.65991
93	7.7537	3.24728
93	7.42279	3.388
93	7.15225	3.69205
93	6.9813	3.72273
93	6.86558	3.81077
93	6.80019	3.9
93	6.7315	3.96825
93	6.71103	4.06021
93	6.64969	4.15986
93	6.60943	4.51325
93	6.45407	4.56399
93	6.38912	4.657
93	6.31437	4.76919
93	6.24037	4.85939
93	6.18759	4.9725
93	6.11346	5.09658
93	6.04974	5.44446
93	5.89765	5.53273
93	5.78455	5.66301
93	5.68088	5.76856
93	5.65703	6.11494
93	5.77628	6.60562
93	5.51054	7.02742
93	5.37844	7.47865

22	4	0
22	4.5226	0.583537
22	5.18298	1.17918
22	5.84145	1.77449
22	6.4992	2.37139
22	7.1637	2.85951
22	7.82846	3.47674
22	7.45972	3.6246
22	7.20164	3.92361
22	6.97636	4.23363
22	6.7715	4.55325
22	6.59147	4.74383
22	6.44868	4.93749
22	6.31045	4.97594
22	6.24031	5.03496
22	6.19704	5.36259
22	6.04298	5.45062
22	5.9499	5.77403
22	5.76866	6.07486
22	5.95207	6.67277
22	5.57122	7.04859
22	5.31524	7.47739
22	5.07569	7.9205
22	4.71513	8.43565
22	4.71446	8.94905
22	4.53152	9.57515
22	4.3561	10.1765
22	4.14469	10.8017
22	3.89618	11.4361
22	4.39559	12.314

92	4	0
92	4.45038	0.582215
92	5.09309	1.15804
92	5.73406	1.72977
92	6.37435	2.30088
92	7.01542	2.87726
92	7.66176	3.46847
92	7.27693	3.69814
92	6.95433	3.97611
92	6.74996	4.0592
92	6.61535	4.38978
92	6.47535	4.38994
92	6.43444	4.74541
92	6.27072	4.83193
92	6.1684	4.93793
92	6.07308	5.28353
92	5.91398	5.40442
92	5.77644	5.57874
92	5.67106	5.91649
92	5.49503	6.07516
92	5.52671	6.7338
92	5.24542	7.24565
92	4.9243	7.78839
92	4.61143	8.35685
92	4.28444	9.14918
92	3.9632	9.93702
92	4.45548	10.8098
92	4.00846	11.2266
92	3.58908	11.8181
92	4.08739	12.6928

43	4	0
43	4.55247	0.569892
43	5.19716	1.10913
43	5.83972	1.65229
43	6.48075	2.20048
43	7.12147	2.75867
43	7.7655	3.34162
43	7.56245	3.51827
43	7.36099	3.63966
43	7.15118	3.84918
43	7.0366	3.99967
43	6.93546	4.15748
43	6.82195	4.31493
43	6.68611	4.57238
43	6.54959	4.7298
43	6.43993	4.89626
43	6.33115	5.06391
43	6.22177	5.23173
43	6.11197	5.39919
43	6.00201	5.56585
43	5.89213	5.73137
43	5.78257	5.89555
43	5.67354	6.05828
43	5.6526	6.5342
43	5.63018	6.95039
43	5.51725	7.3404
43	5.22374	7.6161
43	4.96569	8.0794
43	4.66697	8.5852
43	4.38452	9.26636

69	4	0
69	4.42462	0.587793
69	5.07375	1.10978
69	5.72001	1.6313
69	6.36423	2.15559
69	7.00731	2.68524
69	7.65018	3.21858
69	7.26088	3.46658
69	6.98306	3.72363
69	6.85166	4.04352
69	6.74438	4.37824
69	6.4607	4.34079
69	6.74636	4.76047
69	6.41268	4.71694
69	6.50349	5.09579
69	6.1786	5.06635
69	6.29779	5.45307
69	5.97105	5.4385
69	5.98827	5.80885
69	5.67834	5.81656
69	5.73176	6.19668
69	5.81097	6.66786
69	5.56258	7.07798
69	5.33455	7.50352
69	4.97564	7.94937
69	4.64474	8.44349
69	4.34346	8.97468
69	3.95806	9.77042
69	4.46514	10.641
69	3.94638	11.2455

95	4	0
95	4.40243	0.575309
95	5.07356	1.09345
95	5.74194	1.61175
95	6.40938	2.13575
95	7.07922	2.67209
95	7.75794	3.25082
95	7.43297	3.42823
95	7.33195	3.65457
95	7.43199	3.94907
95	7.24714	4.16695
95	7.10588	4.41304
95	7.00792	4.67797
95	6.90863	4.94709
95	6.76637	4.85572
95	6.85947	5.17687
95	6.63158	5.39909
95	6.47593	5.32668
95	6.47897	5.62773
95	6.2791	5.86642
95	6.10123	6.11967
95	6.13591	6.5393
95	5.96291	6.90877
95	5.79924	7.28584
95	5.62793	7.66575
95	5.28574	7.9948
95	5.03148	8.38271
95	4.65593	8.84125
95	4.30265	9.3518
95	3.87992	10.1503

8	4	0
8	4.46718	0.589685
8	5.1251	1.12184
8	5.78073	1.65161
8	6.4354	2.18159
8	7.09125	2.7146
8	7.75113	3.2652
8	7.3287	3.5146
8	7.04453	3.76195
8	6.97921	4.06472
8	6.74101	4.00301
8	6.93668	4.35942
8	6.6596	4.30146
8	6.70489	4.61935
8	6.45738	4.5709
8	6.6324	4.92115
8	6.35341	4.87982
8	6.34855	5.19727
8	6.10118	5.1733
8	6.2352	5.52586
8	5.96116	5.51688
8	5.90597	5.84455
8	5.6654	5.85937
8	5.72064	6.21963
8	5.8274	6.70441
8	5.60667	7.13501
8	5.47234	7.58366
8	5.11891	7.99521
8	4.88051	8.44756
8	4.66314	8.91259

75	4	0
75	4.49812	0.650738
75	5.10972	1.19494
75	5.71962	1.72921
75	6.32872	2.26269
75	6.93884	2.80418
75	7.55531	3.36052
75	7.11503	3.59817
75	6.84805	3.8459
75	6.67579	3.90023
75	6.90823	4.29145
75	6.568	4.23697
75	6.41704	4.31222
75	6.68096	4.69731
75	6.3401	4.65297
75	6.47385	5.00893
75	6.13773	4.97731
75	6.25685	5.34378
75	5.92195	5.32447
75	6.00724	5.70368
75	5.68279	5.97291
75	5.39505	6.01122
75	5.51835	6.55767
75	5.5403	7.02462
75	5.40597	7.46029
75	5.06357	7.85301
75	4.86654	8.29644
75	4.64046	8.7414
75	4.49588	9.20139
75	4.07133	9.69799

72	4	0
72	4.38146	0.560969
72	4.99575	1.12721
72	5.60733	1.6917
72	6.21691	2.25578
72	6.82535	2.82125
72	7.43323	3.38959
72	7.12117	3.52375
72	6.97187	3.7738
72	6.88017	4.06472
72	6.67044	3.95521
72	6.92847	4.37677
72	6.67116	4.25288
72	6.81105	4.63427
72	6.54783	4.51644
72	6.66607	4.89094
72	6.40229	4.7806
72	6.50001	5.14785
72	6.23882	5.04676
72	6.07655	4.98224
72	6.3224	5.40187
72	6.06132	5.31698
72	6.08845	5.65633
72	5.84227	5.58444
72	5.9171	5.94105
72	5.66519	5.88937
72	5.65439	6.21808
72	5.74484	6.7044
72	5.66665	7.14114
72	5.51827	7.55115

5	4	0
5	4.41048	0.570899
5	5.0608	1.12088
5	5.70844	1.66803
5	6.3542	2.21694
5	6.99918	2.77282
5	7.64512	3.34144
5	7.23206	3.55514
5	6.90576	3.77735
5	6.71556	4.06719
5	6.51499	4.03557
5	6.85771	4.48045
5	6.52348	4.42055
5	6.31513	4.41874
5	6.63032	4.85343
5	6.29429	4.80603
5	6.0916	4.84082
5	6.3422	5.25443
5	6.00992	5.22046
5	5.89014	5.54823
5	5.65381	5.59319
5	5.54968	5.70302
5	5.77305	6.11565
5	5.60528	6.60645
5	5.28778	7.09033
5	4.97698	7.61148
5	4.6576	8.15941
5	4.34386	8.72961
5	3.93555	9.54188
5	4.40741	10.4134

14	4	0
14	4.52673	0.567736
14	5.16057	1.06521
14	5.79164	1.56525
14	6.42005	2.06792
14	7.04572	2.57273
14	7.66755	3.07889
14	7.35267	3.16412
14	7.35121	3.43269
14	7.14645	3.71047
14	6.94679	4.00052
14	6.75231	4.29762
14	6.56092	4.59886
14	6.37053	4.90135
14	6.17975	5.20241
14	5.98762	5.4995
14	5.77755	5.7796
14	5.62645	5.91182
14	5.44598	6.19531
14	5.34089	6.78092
14	5.24201	7.17503
14	5.1065	7.5518
14	4.96033	7.92103
14	4.79994	8.28498
14	4.64587	8.66353
14	4.49944	9.1973
14	4.3315	9.78299
14	4.16492	10.3642
14	3.94373	10.9412
14	4.39	11.8108

11	4	0
11	4.46986	0.592539
11	5.09338	1.15325
11	5.71424	1.71335
11	6.33329	2.27352
11	6.95131	2.83641
11	7.56889	3.40349
11	7.30387	3.57123
11	7.12551	3.76602
11	7.04517	4.01675
11	6.85698	3.88409
11	6.98465	4.21139
11	6.81128	4.41677
11	6.69031	4.6499
11	6.5938	4.89577
11	6.39813	4.77382
11	6.57164	5.12103
11	6.36663	5.30298
11	6.20035	5.51075
11	6.05323	5.73038
11	5.90875	5.95232
11	5.71218	5.88004
11	5.76104	6.18056
11	5.90091	6.67788
11	5.65074	6.97376
11	5.4994	7.3272
11	5.18386	7.62225
11	4.9775	7.99179
11	4.65827	8.41235
11	4.38673	9.1348

19	4	0
19	4.38784	0.547429
19	5.00413	1.10811
19	5.61774	1.66806
19	6.22914	2.2284
19	6.83879	2.79031
19	7.44658	3.35453
19	7.21201	3.51679
19	7.08828	3.73222
19	7.00482	3.97588
19	6.89981	4.21324
19	6.83373	4.47
19	6.64093	4.38666
19	6.80454	4.7371
19	6.60248	4.91377
19	6.44645	5.12281
19	6.30925	5.34331
19	6.17168	5.56312
19	6.03087	5.78026
19	5.88676	5.99464
19	5.73949	6.20642
19	5.8633	6.70777
19	5.65167	7.02028
19	5.5017	7.37173
19	5.19328	7.65343
19	5.03857	8.20162
19	4.69948	8.75896
19	4.37118	9.38589
19	4.10097	10.1191
19	3.73633	10.8947

44	4	0
44	4.48312	0.604793
44	5.14077	1.12742
44	5.79589	1.64887
44	6.44905	2.17646
44	7.1011	2.71649
44	7.75352	3.27393
44	7.32267	3.58983
44	7.016	3.73054
44	6.78445	3.85302
44	6.65039	3.98871
44	6.5723	4.13555
44	6.49023	4.27877
44	6.40778	4.42306
44	6.32077	4.57316
44	6.2387	4.71165
44	6.15881	5.0778
44	5.96733	5.20517
44	5.85453	5.34443
44	5.74673	5.52473
44	5.63338	5.70466
44	5.50764	6.07758
44	5.64342	6.5947
44	5.30673	7.08312
44	4.99134	7.60718
44	4.67287	8.15425
44	4.53163	8.71267
44	4.34221	9.23291
44	4.30237	9.88921
44	4.13151	10.5535

80	4	0
80	4.46296	0.585135
80	5.11625	1.09368
80	5.76732	1.5995
80	6.41719	2.10515
80	7.0672	2.61326
80	7.71826	3.13766
80	7.33745	3.39162
80	7.0968	3.34764
80	7.15607	3.66264
80	6.93501	3.62576
80	7.08296	3.95793
80	6.83439	3.92104
80	6.70937	3.92123
80	6.69867	3.95384
80	6.96662	4.28896
80	6.70813	4.25395
80	6.76093	4.56772
80	6.51724	4.54519
80	6.39743	4.56452
80	6.66207	4.92371
80	6.38663	4.90585
80	6.21145	4.91824
80	6.15841	4.96869
80	6.39187	5.32213
80	6.12144	5.32404
80	5.94567	5.3514
80	6.12844	5.70782
80	5.86457	5.73037
80	5.76909	6.04946

98	4	0
98	4.48633	0.609122
98	5.13747	1.181
98	5.78681	1.74929
98	6.43565	2.31593
98	7.08482	2.88787
98	7.73818	3.47358
98	7.3419	3.70891
98	7.07741	3.91301
98	7.25792	4.23966
98	7.00991	4.16364
98	6.84916	4.41326
98	6.78831	4.68971
98	6.61401	4.65221
98	6.75873	4.97484
98	6.49433	5.18221
98	6.31229	5.43496
98	6.14139	5.42985
98	6.21154	5.75309
98	5.96473	5.99765
98	5.76991	6.27586
98	5.92703	6.74777
98	5.72231	7.15527
98	5.58657	7.57929
98	5.20255	7.95127
98	5.00402	8.38527
98	4.76151	8.81959
98	4.35003	9.29088
98	4.17945	9.97034
98	3.89363	10.694

87	4	0
87	4.48899	0.614766
87	5.14272	1.14203
87	5.79369	1.66804
87	6.44293	2.19463
87	7.09099	2.72849
87	7.73862	3.27313
87	7.32599	3.47942
87	7.07356	3.72959
87	7.0319	4.05211
87	6.76258	3.96629
87	7.06895	4.36609
87	6.75365	4.27627
87	6.90787	4.63531
87	6.59608	4.55129
87	6.71369	4.90215
87	6.4082	4.82869
87	6.54183	5.18295
87	6.23612	5.12066
87	6.31195	5.46326
87	6.04843	5.72072
87	5.78248	5.68732
87	5.97408	6.06737
87	6.01453	6.51292
87	5.62533	6.86611
87	5.661	7.3136
87	5.29373	7.67783
87	5.13039	8.10961
87	4.91662	8.53818
87	4.51921	9.01385

84	4	0
84	4.41544	0.550911
84	5.0395	1.09846
84	5.66098	1.64499
84	6.28071	2.19263
84	6.89985	2.74451
84	7.51985	3.30491
84	7.21627	3.45614
84	7.01838	3.68176
84	6.85501	3.77444
84	6.73194	3.79252
84	6.71853	3.94212
84	6.64153	4.04377
84	6.54807	4.06752
84	6.51474	4.0966
84	6.56417	4.18831
84	6.53217	4.45986
84	6.37938	4.54264
84	6.28573	4.60229
84	6.22592	4.6522
84	6.16966	4.69789
84	6.17349	4.82936
84	6.06955	4.87931
84	6.09848	5.16981
84	5.91268	5.22236
84	5.8289	5.34776
84	5.73774	5.42348
84	5.67794	5.56111
84	5.58404	5.64519
84	5.60881	5.93766

67	4	0
67	4.52894	0.574617
67	5.1574	1.1214
67	5.78363	1.67189
67	6.40834	2.22802
67	7.03275	2.79369
67	7.65978	3.38086
67	7.39296	3.53152
67	7.21108	3.59271
67	7.12157	3.68639
67	7.06356	3.78319
67	6.9984	3.88779
67	6.92922	3.99958
67	6.8554	4.11848
67	6.78041	4.22362
67	6.70928	4.33867
67	6.63307	4.46023
67	6.55609	4.57498
67	6.40504	4.78842
67	6.33926	4.91241
67	6.16025	4.91977
67	6.18732	5.17974
67	6.08863	5.30405
67	6.00952	5.42767
67	5.85585	5.63195
67	5.79636	5.75836
67	5.63911	5.95385
67	5.49437	6.15026
67	5.20733	6.91761
67	5.11974	7.48908

77	4	0
77	4.51846	0.612085
77	5.15077	1.19178
77	5.77947	1.77015
77	6.40594	2.34949
77	7.03176	2.93192
77	7.65897	3.51984
77	7.23317	3.6862
77	6.87331	3.57329
77	7.16818	3.98488
77	6.79475	3.86055
77	7.05191	4.2695
77	6.67011	4.1465
77	6.9296	4.55329
77	6.54529	4.42757
77	6.78702	4.83269
77	6.3999	4.70979
77	6.62981	5.11274
77	6.24138	4.99437
77	6.45829	5.39468
77	6.06986	5.28243
77	6.27216	5.67991
77	5.88462	5.57571
77	6.07015	5.97039
77	5.68408	5.87687
77	5.84975	6.26877
77	5.97219	6.76465
77	5.56281	7.07588
77	5.34982	7.46472
77	4.9993	7.8661

47	4	0
47	4.53772	0.586274
47	5.14412	1.11926
47	5.74835	1.65549
47	6.35091	2.19543
47	6.95262	2.74031
47	7.55447	3.29663
47	7.36372	3.48198
47	7.16993	3.58651
47	7.03628	3.72381
47	6.93792	3.88674
47	6.83985	4.05306
47	6.74698	4.21178
47	6.65496	4.37569
47	6.55445	4.5396
47	6.45511	4.70696
47	6.35197	4.87683
47	6.24667	5.05185
47	6.13749	5.23362
47	6.02358	5.42233
47	5.90457	5.61764
47	5.7804	5.8187
47	5.65122	6.02433
47	5.707	6.52179
47	5.70558	6.97058
47	5.54339	7.32499
47	5.23438	7.56459
47	5.07436	7.91941
47	4.91725	8.27334
47	4.61284	8.97114

76	4	0
76	4.54121	0.591372
76	5.15532	1.13497
76	5.76725	1.68155
76	6.37753	2.23258
76	6.98703	2.79115
76	7.59731	3.36557
76	7.32208	3.56015
76	7.07834	3.79347
76	6.87116	4.05643
76	6.69497	4.32184
76	6.52563	4.59824
76	6.45173	4.72878
76	6.27716	4.99795
76	6.15849	5.10219
76	6.02966	5.37783
76	5.86124	5.64099
76	5.79637	5.79316
76	5.60837	6.0354
76	5.52439	6.63529
76	5.41702	7.06542
76	5.25845	7.46241
76	5.00165	7.98614
76	4.69919	8.55978
76	4.61631	9.11518
76	4.41742	9.73372
76	4.23131	10.3615
76	4.00067	11.001
76	3.71725	11.657
76	4.12264	12.532

50	4	0
50	4.54918	0.579282
50	5.17797	1.10781
50	5.80458	1.64154
50	6.42466	2.1379
50	7.04254	2.63873
50	7.65743	3.14565
50	7.39256	3.29762
50	7.22963	3.51024
50	7.08828	3.73257
50	6.96481	3.98542
50	6.83281	4.10682
50	6.74022	4.24336
50	6.6535	4.38449
50	6.56531	4.52773
50	6.47564	4.67257
50	6.38459	4.81852
50	6.29233	4.96507
50	6.19906	5.11172
50	6.10499	5.258
50	6.0104	5.40349
50	5.91557	5.54787
50	5.82082	5.69089
50	5.7265	5.83239
50	5.63324	5.97247
50	5.54118	6.11123
50	5.57282	6.57316
50	5.51463	7.00693
50	5.39634	7.42126
50	5.11814	7.73328

91	4	0
91	4.4031	0.586544
91	5.05818	1.12941
91	5.7104	1.6659
91	6.36221	2.20187
91	7.01665	2.75196
91	7.68583	3.33656
91	7.29571	3.57454
91	7.25797	3.87314
91	7.26004	4.20061
91	7.03101	4.19836
91	7.14594	4.56045
91	6.89388	4.55388
91	6.97707	4.91933
91	6.718	4.91573
91	6.723	5.27871
91	6.47122	5.28747
91	6.48149	5.66259
91	6.22656	5.68164
91	6.16346	6.05373
91	6.08449	6.50496
91	5.91501	6.93834
91	5.7368	7.37155
91	5.55821	7.8068
91	5.15749	8.19266
91	4.89753	8.63438
91	4.63598	9.08582
91	4.21412	9.56528
91	3.82434	10.0771
91	4.25458	10.9471

0	4	0
0	4.40919	0.529379
0	5.03375	1.07937
0	5.65582	1.62901
0	6.27599	2.17922
0	6.89511	2.73209
0	7.51405	3.29078
0	7.27309	3.38745
0	7.09035	3.52725
0	6.93814	3.689
0	6.80818	3.86295
0	6.68861	4.04182
0	6.61877	4.23584
0	6.5082	4.41499
0	6.39395	4.59492
0	6.27726	4.77584
0	6.16134	4.9584
0	6.04796	5.14287
0	5.93746	5.32914
0	5.82957	5.51685
0	5.70609	5.68661
0	5.5864	5.85011
0	5.47302	6.0105
0	5.32237	6.71021
0	5.00666	7.3618
0	4.62222	8.03454
0	4.36303	8.77115
0	4.27153	9.3544
0	4.16675	9.95782
0	4.00602	10.5687

21	4	0
21	4.46637	0.577578
21	5.11264	1.12747
21	5.75645	1.67455
21	6.39919	2.22022
21	7.04143	2.77153
21	7.6855	3.33313
21	7.33953	3.61672
21	7.13484	3.56944
21	7.27275	3.90475
21	7.05719	3.85441
21	6.96136	4.14538
21	6.80247	4.11477
21	7.04721	4.4756
21	6.82469	4.43046
21	6.75237	4.72891
21	6.57114	4.70192
21	6.72972	5.04917
21	6.4972	5.02604
21	6.41061	5.32709
21	6.22076	5.32355
21	6.26943	5.65661
21	6.05528	5.66979
21	5.90527	5.6979
21	6.03079	6.05153
21	6.00218	6.50147
21	5.77192	6.91297
21	5.62951	7.34406
21	5.24813	7.73373
21	5.03708	8.17314

65	4	0
65	4.42346	0.587756
65	5.0855	1.1443
65	5.74508	1.69778
65	6.40413	2.25359
65	7.06595	2.82037
65	7.7405	3.42543
65	7.35709	3.57709
65	7.28675	3.87814
65	7.36278	4.22414
65	7.14652	4.49198
65	7.00828	4.79386
65	6.79486	4.77596
65	6.96392	5.15851
65	6.69104	5.19392
65	6.54986	5.49751
65	6.32498	5.53234
65	6.36947	5.88482
65	6.11041	5.97124
65	5.96684	6.2759
65	6.08213	6.76947
65	5.72719	7.08406
65	5.56877	7.48495
65	5.22439	7.902
65	4.89205	8.38076
65	4.59604	9.09974
65	4.18226	9.88741
65	3.74754	10.7077
65	4.21982	11.5845
65	3.69782	12.1895

33	4	0
33	4.5506	0.579194
33	5.18604	1.12616
33	5.81941	1.67649
33	6.45185	2.23474
33	7.08604	2.81064
33	7.7318	3.43739
33	7.46296	3.67725
33	7.21293	3.76159
33	7.02713	3.97836
33	6.85283	4.10102
33	6.73407	4.24736
33	6.63759	4.4058
33	6.54317	4.56905
33	6.44399	4.733
33	6.34452	4.8991
33	6.24305	5.06601
33	6.1398	5.23309
33	6.03469	5.39962
33	5.99914	5.60515
33	5.86538	5.76425
33	5.73377	5.9206
33	5.71065	6.13387
33	5.85589	6.56322
33	5.98775	6.97409
33	6.21033	7.42869
33	6.37019	7.85037
33	6.53128	8.2718
33	6.15271	8.21625
33	5.95353	8.39273

56	4	0
56	4.42477	0.548061
56	5.08913	0.91123
56	5.74472	1.44217
56	6.39893	1.97599
56	7.05312	2.51803
56	7.71038	3.0773
56	7.30218	3.23182
56	6.98994	3.42451
56	6.8963	3.678
56	6.75004	3.91657
56	6.66979	4.15554
56	6.50853	4.39013
56	6.36874	4.63877
56	6.20597	4.88821
56	6.04551	5.14424
56	5.87785	5.40256
56	5.71143	5.66498
56	5.54322	5.92989
56	5.26333	6.1867
56	4.91238	6.97991
56	4.56947	7.75857
56	4.25861	8.51227
56	3.89775	9.30156
56	4.35118	10.1718
56	3.90162	10.578
56	4.37537	11.4491
56	3.85961	11.925
56	4.34206	12.7972
56	3.79283	13.2922

61	4	0
61	4.50806	0.654995
61	5.13802	1.22239
61	5.76557	1.78072
61	6.39263	2.33726
61	7.02228	2.90149
61	7.66445	3.48522
61	7.25752	3.64264
61	6.95846	3.58405
61	7.11612	3.98622
61	6.81551	4.25712
61	6.5694	4.24208
61	6.81537	4.66729
61	6.50449	4.62499
61	6.31209	4.65527
61	6.54305	5.07934
61	6.23481	5.0559
61	6.03447	5.09624
61	6.24159	5.52481
61	5.93418	5.52722
61	5.81516	5.90141
61	5.55083	5.94745
61	5.56724	6.36885
61	5.58344	6.87719
61	5.43481	7.35621
61	5.14697	7.81169
61	4.9061	8.28901
61	4.48358	8.78049
61	4.2374	9.32124
61	3.91365	9.87451

96	4	0
96	4.34747	0.572961
96	4.99632	1.13201
96	5.6419	1.68073
96	6.28683	2.23114
96	6.9356	2.7979
96	7.60278	3.40618
96	7.22281	3.65039
96	7.1052	3.6486
96	7.35576	4.09811
96	7.03068	4.05949
96	6.78959	4.39404
96	6.6491	4.42133
96	6.91155	4.88303
96	6.56962	4.77326
96	6.38128	5.12683
96	6.19263	5.13968
96	6.45268	5.60533
96	6.11443	5.53881
96	5.91302	5.55917
96	6.11295	6.0037
96	5.74753	6.4034
96	5.50174	6.87109
96	5.16363	7.34196
96	4.81755	7.84572
96	4.51261	8.54446
96	4.17078	9.25893
96	3.79688	9.99684
96	4.21079	10.8678
96	3.68488	11.3485

15	4	0
15	4.48648	0.586824
15	5.14278	1.13936
15	5.79708	1.69036
15	6.45027	2.24194
15	7.10291	2.79956
15	7.7571	3.36944
15	7.4026	3.58699
15	7.17634	3.77173
15	7.24941	4.03154
15	7.04333	4.216
15	6.89249	4.14489
15	7.00963	4.40453
15	6.83081	4.58429
15	6.68427	4.78144
15	6.56596	4.99046
15	6.43911	5.20115
15	6.30414	5.16191
15	6.37831	5.42252
15	6.18062	5.61528
15	6.02335	5.83289
15	5.87592	6.0637
15	6.05056	6.53393
15	5.73069	6.85596
15	5.60458	7.24095
15	5.23478	7.57573
15	5.03265	7.97031
15	4.86124	8.37469
15	4.48392	8.82555
15	4.28458	9.31595

82	4	0
82	4.43452	0.599035
82	5.08913	1.15601
82	5.74186	1.70862
82	6.39345	2.26069
82	7.045	2.81809
82	7.69912	3.38913
82	7.27875	3.6128
82	6.99674	3.86488
82	6.88678	4.18417
82	6.66589	4.13737
82	6.9511	4.54321
82	6.65271	4.47226
82	6.69284	4.82313
82	6.41836	4.76935
82	6.57462	5.14718
82	6.27774	5.09759
82	6.26798	5.44308
82	6.00441	5.41693
82	6.12104	5.79456
82	5.83269	5.77905
82	5.76693	6.12875
82	5.84089	6.59473
82	5.68335	7.01855
82	5.51976	7.44172
82	5.3601	7.86705
82	4.98907	8.23937
82	4.7477	8.66765
82	4.52254	9.10803
82	4.18391	9.59187

38	4	0
38	4.51287	0.656355
38	5.1312	1.19218
38	5.74789	1.71536
38	6.36503	2.23418
38	6.98555	2.7609
38	7.61801	3.30837
38	7.17024	3.47264
38	6.88349	3.61598
38	7.07947	3.96046
38	6.75708	4.13181
38	6.8474	4.469
38	6.53241	4.66146
38	6.54203	4.99713
38	6.20719	4.8505
38	6.44259	5.24651
38	6.08746	5.09489
38	6.2646	5.47595
38	5.91243	5.67814
38	5.72549	5.98939
38	5.51288	6.30811
38	5.61726	6.79846
38	5.55395	7.25856
38	5.39561	7.69823
38	5.0534	8.09805
38	4.85769	8.55168
38	4.65159	9.01236
38	4.19504	9.48715
38	3.92825	10.0224
38	4.41415	10.8942

73	4	0
73	4.39277	0.549983
73	5.04832	0.903904
73	5.69398	1.43588
73	6.33781	1.96945
73	6.98106	2.50812
73	7.62598	3.05846
73	7.20573	3.27328
73	6.94967	3.55654
73	6.84856	3.86686
73	6.67856	4.17248
73	6.49459	4.15594
73	6.68979	4.53818
73	6.37411	4.6511
73	6.19354	4.6788
73	6.16949	4.73792
73	6.23028	5.083
73	5.96189	5.18897
73	5.89703	5.51358
73	5.666	5.60341
73	5.64004	5.93852
73	5.3842	6.08348
73	5.2649	6.75737
73	5.10758	7.29187
73	4.76859	7.84775
73	4.44722	8.43007
73	4.0067	9.24615
73	3.83819	9.81222
73	4.30414	10.6831
73	3.75974	11.2812

31	4	0
31	4.53137	0.57199
31	5.17557	1.11435
31	5.81766	1.66007
31	6.45807	2.2111
31	7.09751	2.77108
31	7.73784	3.35214
31	7.52891	3.5551
31	7.33809	3.716
31	7.2067	3.90979
31	7.09034	4.12687
31	6.97755	4.35643
31	6.87186	4.59362
31	6.75409	4.83123
31	6.62721	5.06991
31	6.49289	5.30918
31	6.35213	5.54829
31	6.2057	5.78649
31	6.05419	6.02298
31	6.04901	6.44638
31	5.93815	6.77704
31	5.78891	7.0938
31	5.63504	7.4171
31	5.33558	7.6301
31	5.14561	7.93415
31	4.88642	8.57832
31	4.5768	9.2811
31	4.21343	10.0454
31	3.82057	10.8365
31	4.26496	11.7075

58	4	0
58	4.48254	0.56218
58	5.144	1.10866
58	5.8036	1.65167
58	6.46191	2.19713
58	7.12005	2.7516
58	7.81506	3.3146
58	7.48018	3.52207
58	7.22303	3.6524
58	7.04777	3.53615
58	6.99398	3.52628
58	6.97385	3.8206
58	6.86504	3.73441
58	6.8595	4.0297
58	6.7588	4.02214
58	6.70851	4.30996
58	6.62081	4.27125
58	6.58971	4.55422
58	6.47287	4.56148
58	6.40214	4.62521
58	6.34749	4.92872
58	6.22185	4.8721
58	6.21648	5.17036
58	6.08606	5.23503
58	6.00174	5.31647
58	5.91625	5.63103
58	5.79032	5.61478
58	5.73582	5.93221
58	5.5811	6.22974
58	5.63434	6.7609

63	4	0
63	4.32964	0.591517
63	4.97487	1.13509
63	5.61678	1.676
63	6.2585	2.2172
63	6.90419	2.77082
63	7.5678	3.36208
63	7.2126	3.65146
63	7.2581	4.00595
63	7.07434	4.0255
63	7.09222	4.39993
63	6.88518	4.4203
63	7.00728	4.81207
63	6.7651	4.82571
63	6.58142	4.86778
63	6.66775	5.26149
63	6.4326	5.29572
63	6.25539	5.35603
63	6.30541	5.75372
63	6.07547	5.81108
63	5.89466	5.88988
63	5.87188	6.29212
63	5.75237	6.79385
63	5.57898	7.28276
63	5.20035	7.72709
63	4.93274	8.21309
63	4.68273	8.70515
63	4.39662	9.1953
63	4.15018	9.69585
63	3.72594	10.2283

23	4	0
23	4.4102	0.576638
23	5.02073	1.1337
23	5.6281	1.6897
23	6.23342	2.24657
23	6.83816	2.80653
23	7.44382	3.37338
23	7.14919	3.55073
23	6.96182	3.77937
23	6.84064	4.04653
23	6.71766	4.31793
23	6.58119	4.58645
23	6.3637	4.57901
23	6.49631	4.93946
23	6.26463	5.15296
23	6.07757	5.39293
23	5.90752	5.64157
23	5.73673	5.88924
23	5.562	6.13426
23	5.6325	6.66493
23	5.48701	7.07091
23	5.1688	7.40926
23	4.88901	7.83679
23	4.58077	8.30962
23	4.28032	8.99244
23	3.94674	9.76147
23	4.41106	10.6357
23	3.83907	11.4264
23	4.31923	12.3023
23	3.85087	12.8513

29	4	0
29	4.55305	0.577682
29	5.17125	1.11699
29	5.78708	1.65832
29	6.40104	2.20321
29	7.01415	2.75502
29	7.62855	3.32317
29	7.39607	3.56741
29	7.16877	3.82372
29	6.95542	4.0951
29	6.75571	4.37672
29	6.56424	4.65542
29	6.41457	4.81445
29	6.25618	5.10677
29	6.12252	5.27465
29	6.01741	5.45353
29	5.85179	5.73054
29	5.67691	5.99893
29	5.49939	6.2598
29	5.31057	6.90575
29	5.09646	7.42608
29	4.76439	8.11921
29	4.43764	8.86035
29	4.12315	9.58494
29	3.93588	10.1775
29	4.37417	11.0422
29	3.8916	11.5184
29	4.33936	12.3863
29	3.81548	12.8802
29	4.2692	13.7496

64	4	0
64	4.36794	0.576202
64	5.01682	1.08698
64	5.66167	1.59927
64	6.29925	2.14546
64	6.93773	2.70664
64	7.58714	3.3031
64	7.20517	3.47942
64	7.06925	3.31284
64	7.25604	3.69516
64	7.06126	3.57071
64	7.03729	3.90914
64	6.89345	4.20041
64	6.76871	4.08006
64	6.91351	4.46227
64	6.68875	4.28061
64	6.7073	4.62655
64	6.52013	4.51202
64	6.59673	4.86853
64	6.38155	4.69737
64	6.4579	5.05209
64	6.26147	4.9379
64	6.13681	5.25463
64	6.00999	5.19742
64	6.04231	5.564
64	5.84569	5.49326
64	5.84072	5.84498
64	5.66132	5.77701
64	5.61509	6.11929
64	5.45624	6.76423

36	4	0
36	4.47273	0.580961
36	5.10854	1.15996
36	5.74111	1.73626
36	6.37232	2.31445
36	7.00493	2.90076
36	7.64553	3.50644
36	7.20513	3.63703
36	6.85181	3.91231
36	6.57466	3.83752
36	6.66909	3.94311
36	6.47668	3.95592
36	6.83427	4.39518
36	6.46504	4.27953
36	6.40628	4.62975
36	6.14121	4.59209
36	6.23208	4.7182
36	6.10623	5.05298
36	5.85297	5.05708
36	5.8926	5.1714
36	5.71785	5.2307
36	6.02049	5.64961
36	5.65944	5.74731
36	5.53111	6.08107
36	5.66649	6.59128
36	5.29871	7.04354
36	4.97473	7.53721
36	4.62108	8.05917
36	4.27796	8.60038
36	3.988	9.36922

39	4	0
39	4.52524	0.65162
39	5.14539	1.20859
39	5.76249	1.75838
39	6.37801	2.30969
39	6.99371	2.87237
39	7.61432	3.45338
39	7.20161	3.72491
39	6.88289	3.74675
39	6.67861	3.80973
39	6.90727	4.26864
39	6.58588	4.23834
39	6.35421	4.32074
39	6.32427	4.46698
39	6.19347	4.56198
39	6.11867	4.67116
39	6.09496	4.827
39	5.96156	4.93107
39	6.20058	5.38844
39	5.87506	5.40598
39	5.66127	5.50718
39	5.84537	5.9612
39	5.51902	6.02818
39	5.57357	6.54531
39	5.39818	7.04396
39	5.10159	7.54294
39	4.79798	8.07365
39	4.51489	8.62505
39	4.22807	9.36928
39	4.11526	9.98927

16	4	0
16	4.50058	0.629906
16	5.13277	1.18644
16	5.76205	1.73656
16	6.38989	2.28764
16	7.01854	2.84685
16	7.70129	3.40091
16	7.32589	3.4794
16	7.07264	3.29717
16	7.24238	3.5979
16	6.98052	3.75569
16	6.86484	3.99268
16	6.76393	4.24411
16	6.72759	4.51028
16	6.51367	4.35055
16	6.78498	4.71071
16	6.49194	4.87591
16	6.32863	5.12456
16	6.19668	5.40032
16	5.9801	5.26566
16	6.2279	5.65226
16	5.92611	5.86346
16	5.71152	6.13744
16	5.79628	6.62127
16	5.63701	7.05869
16	5.4633	7.494
16	5.13458	7.89227
16	4.91323	8.33672
16	4.52804	8.79451
16	4.22411	9.3024

70	4	0
70	4.3433	0.588725
70	4.98275	1.12474
70	5.61828	1.65903
70	6.25243	2.19461
70	6.88781	2.74038
70	7.53188	3.30786
70	7.19306	3.58633
70	7.19	3.87998
70	7.05172	3.85994
70	7.16416	4.18015
70	6.96047	4.13897
70	6.9906	4.42292
70	6.86355	4.66511
70	6.67308	4.63673
70	6.74202	4.95634
70	6.53078	4.92561
70	6.51337	5.22884
70	6.32245	5.50472
70	6.13003	5.49676
70	6.10988	5.84423
70	5.90993	5.84326
70	5.82286	6.19507
70	5.78737	6.68272
70	5.60975	7.14153
70	5.4077	7.59601
70	5.02193	8.00826
70	4.73907	8.4674
70	4.44975	8.93776
70	4.03217	9.45638

62	4	0
62	4.54051	0.563787
62	5.16855	1.11451
62	5.79386	1.66573
62	6.41702	2.22031
62	7.03903	2.78287
62	7.6623	3.36717
62	7.48737	3.52205
62	7.26899	3.717
62	7.08031	3.9295
62	6.9172	4.16495
62	6.76655	4.41414
62	6.61936	4.67034
62	6.47078	4.92979
62	6.31761	5.1897
62	6.15906	5.44831
62	5.99531	5.70436
62	5.79946	5.8098
62	5.68335	6.08106
62	5.62274	6.54326
62	5.54033	6.92884
62	5.39979	7.29128
62	5.11736	7.53306
62	4.90605	7.82514
62	4.57681	8.54856
62	4.20617	9.30781
62	3.81484	10.0867
62	4.22566	10.9536
62	3.74574	11.3111
62	4.1642	12.1805

13	4	0
13	4.40357	0.585975
13	5.05566	1.09202
13	5.70511	1.59767
13	6.35436	2.11327
13	7.00486	2.69223
13	7.63931	3.11695
13	7.30255	3.3424
13	7.04861	3.552
13	6.88044	3.78509
13	6.88251	3.72184
13	6.78442	3.96991
13	6.71487	3.90218
13	6.71554	4.15984
13	6.59382	4.07921
13	6.58668	4.36255
13	6.38126	4.59955
13	6.32321	4.54672
13	6.31105	4.81156
13	6.16985	4.74679
13	6.17211	5.04168
13	5.95642	5.28445
13	5.85663	5.24296
13	5.84362	5.53511
13	5.63116	5.78505
13	5.45596	6.04226
13	5.47186	6.61179
13	5.12533	7.12956
13	4.77724	7.67544
13	4.42963	8.24393

68	4	0
68	4.24066	0.528213
68	4.88747	1.0226
68	5.5292	1.51384
68	6.16915	2.00933
68	6.81177	2.51694
68	7.47013	3.05583
68	7.27041	3.10128
68	7.54245	3.34594
68	7.33158	3.39505
68	7.33259	3.55141
68	7.21139	3.6652
68	7.16747	3.81883
68	7.06239	3.95524
68	7.12298	4.13878
68	7.18707	4.4589
68	6.90774	4.65033
68	6.72367	4.89012
68	6.54712	5.13302
68	6.36555	5.37687
68	6.12484	5.61422
68	6.05974	5.90566
68	5.87213	6.194
68	5.83045	6.70565
68	5.72423	7.19247
68	5.48226	7.67281
68	5.15929	8.19612
68	4.81207	8.77668
68	4.47071	9.42171
68	4.08492	10.1267

90	4	0
90	4.51737	0.663554
90	5.14121	1.2279
90	5.76098	1.78598
90	6.37922	2.34678
90	7.04512	2.88671
90	7.66578	3.33003
90	7.18539	3.34678
90	6.95974	3.64826
90	7.03943	4.05809
90	6.70149	3.98436
90	6.95271	4.44297
90	6.59055	4.35902
90	6.78778	4.8161
90	6.41723	4.73447
90	6.58415	5.19305
90	6.21042	5.11904
90	6.3497	5.57875
90	5.9756	5.51683
90	6.07791	5.9747
90	5.70547	5.93088
90	5.76689	6.38625
90	5.71305	6.86635
90	5.54222	7.32226
90	5.28495	7.76443
90	4.90077	8.21119
90	4.59205	8.72024
90	4.28759	9.25944
90	3.86129	10.0641
90	4.36186	10.9352

59	4	0
59	4.44311	0.559682
59	5.08827	1.11993
59	5.73124	1.67893
59	6.37244	2.23977
59	7.01251	2.80568
59	7.65264	3.38
59	7.29224	3.63581
59	7.04084	3.71933
59	6.8819	3.75244
59	6.78219	4.09084
59	6.63801	4.17091
59	6.57804	4.51361
59	6.42404	4.57641
59	6.34923	4.90661
59	6.19696	4.96757
59	6.09889	5.06574
59	6.0435	5.39675
59	5.85213	5.69787
59	5.69233	5.79559
59	5.56509	6.12591
59	5.60914	6.75295
59	5.2521	7.21662
59	4.92282	7.73463
59	4.62614	8.28153
59	4.33497	9.05406
59	4.06265	9.81088
59	3.76098	10.5952
59	4.2616	11.47
59	3.75887	11.9281

53	4	0
53	4.51381	0.625621
53	5.1531	1.21645
53	5.78909	1.80531
53	6.4237	2.39645
53	7.05985	2.99564
53	7.73667	3.60664
53	7.30129	3.77238
53	6.93387	3.65491
53	6.74886	4.00371
53	6.5343	4.05496
53	6.50417	4.18367
53	6.3794	4.21192
53	6.39414	4.29661
53	6.26825	4.31351
53	6.43331	4.54198
53	6.1913	4.7172
53	6.06452	4.8865
53	5.94202	4.92943
53	5.99024	5.12713
53	5.78611	5.12935
53	6.05412	5.56438
53	5.71391	5.50392
53	5.62174	5.86792
53	5.35423	5.84874
53	5.49748	6.25276
53	5.55343	6.7483
53	5.18848	7.21763
53	4.8668	7.72829
53	4.5328	8.26186

35	4	0
35	4.53657	0.646808
35	5.15582	1.21484
35	5.77213	1.77791
35	6.38806	2.34105
35	7.00742	2.91089
35	7.64002	3.49744
35	7.2024	3.54476
35	6.88327	3.74986
35	7.0513	4.14097
35	6.71848	3.97994
35	6.87142	4.36765
35	6.55067	4.2181
35	6.79883	4.62223
35	6.45254	4.81044
35	6.30278	5.12038
35	6.03229	5.01412
35	6.29074	5.43747
35	5.95966	5.30529
35	6.10439	5.70109
35	5.77439	5.5781
35	5.89662	5.97658
35	5.56214	6.22327
35	5.59032	6.75997
35	5.45206	7.20966
35	5.27588	7.64901
35	4.96147	8.06533
35	4.69908	8.5114
35	4.45184	8.9714
35	4.08341	9.45094

24	4	0
24	4.50416	0.6479
24	5.12102	1.20721
24	5.73489	1.76247
24	6.34736	2.31744
24	6.96037	2.87674
24	7.57774	3.44625
24	7.20833	3.29506
24	6.98897	3.54829
24	7.10179	3.91236
24	6.82542	4.13807
24	6.58115	4.0678
24	6.82802	4.47166
24	6.52666	4.37511
24	6.58982	4.71173
24	6.33948	4.94695
24	6.19489	5.24468
24	5.94537	5.19557
24	6.15022	5.59973
24	5.84909	5.5299
24	5.83157	5.88329
24	5.5815	6.16389
24	5.70501	6.69969
24	5.58378	7.12503
24	5.24289	7.49599
24	5.06311	7.93358
24	4.89764	8.37778
24	4.70285	8.82476
24	4.26818	9.30635
24	3.99036	9.83683

51	4	0
51	4.46744	0.580573
51	5.13174	1.0833
51	5.79371	1.58569
51	6.45422	2.09279
51	7.11458	2.60925
51	7.7763	3.14642
51	7.41689	3.33883
51	7.21235	3.52316
51	7.16228	3.75855
51	7.02018	3.97782
51	6.90622	4.21229
51	6.8411	4.4561
51	6.72495	4.69778
51	6.58548	4.94379
51	6.38589	4.83404
51	6.65342	5.18344
51	6.37565	5.38063
51	6.17155	5.6184
51	5.96431	5.53072
51	6.16069	5.87403
51	5.89964	6.09752
51	6.0515	6.58403
51	5.708	6.89452
51	5.58256	7.28585
51	5.22803	7.62091
51	5.05401	8.02286
51	4.80826	8.41566
51	4.40605	8.86329
51	4.17227	9.5513

57	4	0
57	4.54565	0.580911
57	5.18713	1.11022
57	5.8265	1.64381
57	6.46434	2.18431
57	7.10168	2.73633
57	7.74113	3.31285
57	7.50858	3.4761
57	7.29935	3.65997
57	7.11783	3.86067
57	6.95624	4.074
57	6.80413	4.29638
57	6.65446	4.52537
57	6.50403	4.75908
57	6.35194	4.99547
57	6.19829	5.23246
57	6.04362	5.4681
57	5.88858	5.70084
57	5.63809	5.88317
57	5.39395	6.05551
57	4.97923	6.88663
57	4.56661	7.71408
57	4.16008	8.53737
57	3.76062	9.35683
57	4.17154	10.2318
57	3.916	10.8055
57	4.34119	11.6823
57	3.84152	12.1836
57	4.26916	13.0618
57	3.76375	13.4247

71	4	0
71	4.41272	0.583952
71	5.07313	1.10195
71	5.7304	1.61925
71	6.38753	2.14337
71	7.0503	2.68933
71	7.72943	3.27889
71	7.35823	3.44265
71	7.05151	3.62747
71	6.83719	3.85235
71	6.67511	4.10773
71	6.53461	4.36695
71	6.5558	4.34533
71	6.38946	4.58293
71	6.40983	4.55482
71	6.26275	4.78954
71	6.12061	5.0271
71	5.98972	5.26125
71	5.94277	5.22486
71	5.83804	5.48394
71	5.66789	5.73118
71	5.49593	5.9789
71	5.26465	6.24147
71	5.05971	6.97982
71	4.71705	7.51668
71	4.36985	8.23735
71	4.07214	8.99385
71	3.76017	9.72424
71	4.18888	10.5938
71	3.75044	11.0924

55	4	0
55	4.25878	0.544038
55	4.89977	1.0591
55	5.53726	1.56844
55	6.17386	2.0831
55	6.81125	2.63856
55	7.46725	3.23103
55	7.09973	3.46705
55	6.9748	3.75774
55	6.86788	3.76886
55	6.78749	4.08659
55	6.64522	4.10176
55	6.70706	4.18274
55	6.55478	4.23727
55	6.61236	4.33751
55	6.36512	4.60401
55	6.34594	4.67653
55	6.25939	4.75239
55	6.13627	5.06149
55	6.00139	5.11745
55	6.0133	5.21593
55	5.80251	5.50339
55	5.67913	5.60224
55	5.55773	5.92565
55	5.38933	5.96138
55	5.47522	6.33545
55	5.27653	6.86863
55	4.99458	7.40823
55	4.65172	7.96817
55	4.30485	8.54715

46	4	0
46	4.37576	0.60892
46	5.0283	1.1588
46	5.67723	1.70558
46	6.32561	2.25459
46	6.97796	2.82136
46	7.645	3.42544
46	7.29688	3.70877
46	7.19737	4.00542
46	7.15432	4.35186
46	6.96188	4.38444
46	6.90195	4.71688
46	6.72559	4.76313
46	6.68955	5.10122
46	6.49846	5.15196
46	6.41609	5.48288
46	6.22938	5.54506
46	6.1239	5.88458
46	5.9406	5.95854
46	5.81756	6.31377
46	5.81571	6.83373
46	5.58685	7.30562
46	5.38221	7.7863
46	5.0034	8.2278
46	4.68813	8.70169
46	4.37037	9.18848
46	4.01807	9.71983
46	3.66279	10.2738
46	4.04134	11.1482
46	3.55768	11.7217

94	4	0
94	4.41851	0.590986
94	5.05307	1.10396
94	5.68463	1.61434
94	6.31433	2.12966
94	6.94364	2.65937
94	7.57605	3.21561
94	7.16368	3.44514
94	6.8502	3.70515
94	6.89519	4.06495
94	6.62255	3.96916
94	6.8227	4.36396
94	6.51204	4.2504
94	6.51654	4.5824
94	6.27095	4.51753
94	6.50845	4.92416
94	6.18914	4.82029
94	6.12237	5.1394
94	5.89793	5.10284
94	6.11989	5.50965
94	5.81223	5.43983
94	5.77517	5.79297
94	5.5162	5.76429
94	5.70688	6.18508
94	5.48538	6.65939
94	5.20706	7.14486
94	4.90377	7.65536
94	4.5948	8.19058
94	4.30889	8.9012
94	3.99531	9.63804

88	4	0
88	4.56303	0.575159
88	5.19623	1.12267
88	5.82737	1.67435
88	6.45699	2.23258
88	7.08659	2.80414
88	7.72182	3.41453
88	7.47599	3.66252
88	7.23966	3.91682
88	7.00802	4.06482
88	6.83167	4.22916
88	6.69945	4.4062
88	6.53482	4.56076
88	6.42082	4.73058
88	6.29256	4.89488
88	6.1623	5.05568
88	6.0291	5.21161
88	5.8942	5.36213
88	5.76303	5.50866
88	5.68091	5.6684
88	5.54593	5.80707
88	5.66913	6.02361
88	5.5936	6.43913
88	5.47237	6.8154
88	5.33017	7.16753
88	5.18347	7.50759
88	5.0351	7.83996
88	4.88552	8.16708
88	4.71427	8.49179
88	4.55162	8.81544

74	4	0
74	4.49837	0.621697
74	5.1396	1.22024
74	5.77852	1.8141
74	6.41694	2.40656
74	7.05756	3.00308
74	6.94067	3.00148
74	7.24192	3.43491
74	7.05042	3.69989
74	6.92942	3.99636
74	6.79304	4.29045
74	6.61397	4.24514
74	6.78525	4.622
74	6.53557	4.55887
74	6.52281	4.88207
74	6.31298	5.14578
74	6.12678	5.1209
74	6.27432	5.49817
74	5.99983	5.74345
74	5.78447	5.73164
74	5.80218	6.09158
74	5.92234	6.61055
74	5.58811	6.97502
74	5.46602	7.4167
74	5.10768	7.79933
74	4.9148	8.24568
74	4.73577	8.69727
74	4.52362	9.14692
74	4.20609	9.62891
74	3.95024	10.1482

79	4	0
79	4.49083	0.648888
79	5.11435	1.23041
79	5.73492	1.80647
79	6.35417	2.38246
79	7.00944	2.91878
79	7.67753	3.48943
79	7.24445	3.72855
79	6.8969	3.7217
79	6.64088	3.83535
79	6.53122	3.96464
79	6.47527	4.11796
79	6.39232	4.26498
79	6.32607	4.42174
79	6.24858	4.57667
79	6.17789	4.73588
79	6.09862	4.89144
79	6.02162	5.04551
79	5.93523	5.19339
79	5.84434	5.32781
79	5.78933	5.4955
79	5.66532	5.62861
79	5.61331	5.7944
79	5.47562	5.91287
79	5.7727	6.23558
79	5.82644	6.75224
79	5.84374	7.25259
79	5.84857	7.74371
79	6.02847	8.24626
79	5.95908	8.72388

97	4	0
97	4.5503	0.575999
97	5.17235	1.09289
97	5.79234	1.61287
97	6.41065	2.13811
97	7.02788	2.67095
97	7.64481	3.21666
97	7.39543	3.41015
97	7.18498	3.56596
97	7.05472	3.7591
97	6.93924	3.77883
97	6.92158	3.83908
97	6.88231	3.89381
97	6.85262	3.95398
97	6.81478	4.01317
97	6.75041	4.23509
97	6.6458	4.27531
97	6.6139	4.34457
97	6.56945	4.41071
97	6.53144	4.48077
97	6.48677	4.54955
97	6.4461	4.62115
97	6.40592	4.85347
97	6.27587	4.89224
97	6.23209	4.96631
97	6.18616	5.04021
97	6.14193	5.28393
97	6.00971	5.3243
97	5.9601	5.39755
97	5.91365	5.47186

83	4	0
83	4.56206	0.581896
83	5.19461	1.13667
83	5.82477	1.69384
83	6.45304	2.2552
83	7.08043	2.82479
83	7.70937	3.41493
83	7.47342	3.69702
83	7.18772	3.80295
83	7.07273	4.01958
83	6.93125	4.23601
83	6.70873	4.38543
83	6.54943	4.55913
83	6.41139	4.73866
83	6.26934	4.91455
83	6.12413	5.08577
83	5.97684	5.25148
83	6.09586	5.49677
83	5.8484	5.6171
83	5.66088	5.76217
83	5.50918	5.91587
83	5.36656	6.06637
83	5.47681	6.52374
83	5.3736	6.88787
83	5.41314	7.27311
83	5.25656	7.57533
83	5.11593	7.87772
83	4.98595	8.17878
83	4.86247	8.47646
83	4.71953	8.77588

18	4	0
18	4.50365	0.633618
18	5.14518	1.22884
18	5.78409	1.81952
18	6.42185	2.41143
18	7.09946	2.9775
18	7.78744	3.57696
18	7.31791	3.71306
18	6.93647	3.80902
18	6.67346	3.69518
18	6.74603	3.77286
18	6.62823	3.80208
18	6.67325	3.88571
18	6.55588	3.9473
18	6.49232	3.93613
18	6.54352	3.97595
18	6.43575	3.943
18	6.54852	4.01138
18	6.38557	3.94927
18	6.65361	4.3735
18	6.36876	4.34413
18	6.30686	4.40413
18	6.27815	4.49491
18	6.20484	4.57588
18	6.16748	4.669
18	6.09446	4.75857
18	6.04448	4.85887
18	5.92806	4.84805
18	5.99994	4.92174
18	5.86162	4.89899

27	4	0
27	4.50505	0.643761
27	5.12634	1.18994
27	5.74506	1.73081
27	6.36239	2.27203
27	6.97958	2.82158
27	7.59978	3.38552
27	7.19091	3.51333
27	6.87426	3.80267
27	6.62565	4.14035
27	6.42957	4.50858
27	6.24081	4.58464
27	6.35509	4.9902
27	6.08408	5.01278
27	5.91721	5.38106
27	5.71688	5.45965
27	5.64709	5.84473
27	5.4117	5.97087
27	5.13401	6.31421
27	4.83551	7.11557
27	4.77921	7.71293
27	4.51771	8.31274
27	4.14084	9.11759
27	3.77311	9.92825
27	4.24881	10.7976
27	3.77581	11.2095
27	4.25656	12.0802
27	3.71503	12.6296
27	4.20185	13.5014
27	3.66482	13.5233

28	4	0
28	4.47654	0.587373
28	5.12008	1.17284
28	5.76037	1.75745
28	6.3995	2.34448
28	7.04064	2.9397
28	7.69173	3.55478
28	7.27686	3.7774
28	6.90214	3.62507
28	6.76875	4.00176
28	6.53346	4.00911
28	6.58311	4.15011
28	6.41505	4.27115
28	6.3813	4.42963
28	6.18238	4.3915
28	6.53825	4.85881
28	6.18392	5.03785
28	5.90255	4.97114
28	5.99094	5.14683
28	5.78693	5.28926
28	5.79555	5.67898
28	5.51079	5.7919
28	5.33471	5.88092
28	5.40878	6.27505
28	5.4707	6.84112
28	5.07082	7.37662
28	4.68964	7.94082
28	4.31857	8.52574
28	4.09328	9.10322
28	3.67833	9.91638

17	4	0
17	4.48393	0.597478
17	5.14106	1.1319
17	5.79562	1.66373
17	6.44874	2.19506
17	7.10168	2.7335
17	7.7567	3.28454
17	7.33593	3.56344
17	7.04238	3.81021
17	6.88777	4.09215
17	6.7332	4.38237
17	6.57767	4.67963
17	6.34997	4.66963
17	6.62845	5.04957
17	6.32845	5.29672
17	6.09204	5.57934
17	5.89553	5.88555
17	5.64421	5.92211
17	5.6478	6.2811
17	5.84269	6.81817
17	5.53065	7.23764
17	5.38504	7.6979
17	5.01647	8.12403
17	4.7611	8.58761
17	4.53611	9.06456
17	4.16101	9.68044
17	3.96341	10.3812
17	4.45719	11.2529
17	3.82451	12.0565
17	4.32665	12.9296

41	4	0
41	4.32515	0.586002
41	4.97151	1.12794
41	5.61428	1.66572
41	6.2564	2.20742
41	6.90345	2.76489
41	7.56886	3.36078
41	7.17235	3.59138
41	6.91453	3.89755
41	6.70439	4.238
41	6.57552	4.36608
41	6.41174	4.71994
41	6.2398	4.79849
41	6.25788	4.95446
41	6.02514	5.27035
41	5.88998	5.40435
41	5.71167	5.74309
41	5.57496	5.89039
41	5.39351	6.22729
41	5.28794	6.86155
41	4.94691	7.3746
41	4.57285	7.91442
41	4.23826	8.67758
41	3.89668	9.43216
41	4.3176	10.3009
41	3.81991	10.7752
41	4.25506	11.6454
41	3.72678	12.1048
41	4.16921	12.9761
41	3.61628	13.4036

12	4	0
12	4.55026	0.583918
12	5.17828	1.12334
12	5.80417	1.6657
12	6.42835	2.21304
12	7.0515	2.76856
12	7.67472	3.34014
12	7.41636	3.4998
12	7.21232	3.669
12	7.03769	3.8636
12	6.88747	4.06796
12	6.75002	4.27605
12	6.69895	4.32742
12	6.6766	4.39841
12	6.54811	4.60597
12	6.41513	4.8153
12	6.35406	4.87732
12	6.23482	5.09571
12	6.10335	5.30606
12	6.04088	5.38267
12	5.91441	5.59341
12	5.78025	5.79897
12	5.64403	6.00074
12	5.3125	6.78998
12	5.20953	7.36321
12	4.94109	7.9699
12	4.64504	8.61455
12	4.46487	9.2222
12	4.03713	10.0439
12	4.04807	10.6276

6	4	0
6	4.51158	0.647466
6	5.12973	1.16986
6	5.74488	1.68808
6	6.35765	2.21164
6	6.96929	2.74795
6	7.58317	3.30179
6	7.14008	3.42451
6	6.85399	3.22187
6	7.02583	3.59668
6	6.70195	3.79469
6	6.79858	4.12891
6	6.50955	3.92276
6	6.8177	4.34718
6	6.42146	4.49765
6	6.18761	4.75743
6	6.04983	4.62989
6	6.37925	5.05389
6	6.03359	4.86903
6	6.29009	5.29567
6	5.87361	5.43405
6	5.5923	5.69084
6	5.70131	6.07891
6	5.52616	6.72115
6	5.19913	7.19653
6	4.8745	7.72315
6	4.55792	8.28241
6	4.14157	9.09641
6	3.95223	9.64998
6	4.42444	10.5211

4	4	0
4	4.43971	0.584128
4	5.05846	1.14801
4	5.67422	1.71049
4	6.28785	2.27363
4	6.90032	2.83948
4	7.5123	3.40982
4	7.23411	3.46036
4	7.06808	3.66094
4	7.10743	3.96325
4	6.91958	4.16354
4	6.69053	4.04474
4	6.93381	4.42908
4	6.7	4.59285
4	6.53929	4.80864
4	6.3147	4.70316
4	6.54807	5.08173
4	6.3081	5.23442
4	6.13164	5.43435
4	5.99045	5.65587
4	5.84898	5.8775
4	5.62643	5.82357
4	5.7758	6.1657
4	5.91212	6.63728
4	5.55247	6.8427
4	5.56562	7.22979
4	5.2316	7.46099
4	5.02363	7.79023
4	4.77237	8.17771
4	4.63377	8.78801

66	4	0
66	4.4692	0.590984
66	5.12548	1.05212
66	5.77989	1.50915
66	6.43291	1.96953
66	7.08516	2.44065
66	7.73734	2.93027
66	8.39099	3.44983
66	7.92332	3.62483
66	7.4767	3.81123
66	7.05409	4.03963
66	6.68395	4.30545
66	6.78976	4.68795
66	6.43809	4.70384
66	6.21547	4.71782
66	6.18071	4.78848
66	6.11548	4.84296
66	6.08713	4.89652
66	6.09165	5.18212
66	5.90648	5.41513
66	5.80817	5.69628
66	5.58743	5.69929
66	5.8107	6.06597
66	5.91098	6.59407
66	5.55355	6.96493
66	5.2725	7.37927
66	4.98456	7.82741
66	4.68994	8.30458
66	4.42616	8.80162
66	4.39738	9.45028

26	4	0
26	4.43746	0.578708
26	5.10152	1.12713
26	5.76298	1.67292
26	6.42312	2.22419
26	7.08435	2.7901
26	7.75445	3.3883
26	7.41814	3.54501
26	7.17663	3.76106
26	6.98354	4.01285
26	6.80487	4.2764
26	6.70528	4.56838
26	6.61283	4.62284
26	6.46303	4.89164
26	6.31203	5.15803
26	6.13166	5.41182
26	6.05127	5.49405
26	5.88127	5.74638
26	5.71824	6.00044
26	5.82114	6.56583
26	5.54502	6.9981
26	5.25307	7.47221
26	4.98056	8.12759
26	4.65145	8.80365
26	4.44866	9.48102
26	4.22158	10.147
26	3.94315	10.8378
26	4.39096	11.7128
26	3.85231	12.3958
26	4.30879	13.2722

32	4	0
32	4.51682	0.576901
32	5.15978	1.11877
32	5.80061	1.66467
32	6.44002	2.21636
32	7.07935	2.77899
32	7.72264	3.36825
32	7.45878	3.49498
32	7.21044	3.67244
32	7.04569	3.89454
32	6.90185	4.13993
32	6.7619	4.39747
32	6.64412	4.66316
32	6.45326	4.77673
32	6.44103	5.09176
32	6.22374	5.19428
32	6.14809	5.49858
32	5.94101	5.60544
32	5.79078	5.73646
32	5.744	6.05755
32	5.81639	6.49833
32	5.7594	6.8991
32	5.62216	7.27207
32	5.31752	7.55465
32	5.1209	7.9074
32	4.90738	8.26752
32	4.59629	8.78603
32	4.23756	9.55272
32	3.84884	10.3434
32	4.30602	11.2137

