11	6	0
11	6.37229	0.736586
11	6.92503	1.29867
11	7.46993	1.85617
11	8.00689	2.40974
11	8.53597	2.95982
11	9.06123	3.50843
11	8.8664	3.61469
11	8.87557	3.8434
11	8.76579	4.01074
11	8.6429	4.16846
11	8.5283	4.33504
11	8.4002	4.49484
11	8.30017	4.67315
11	8.17739	4.84053
11	8.05176	5.00349
11	7.94153	5.18389
11	7.82282	5.364
11	7.70146	5.5482
11	7.58187	5.74019
11	7.46618	5.94263
11	7.36679	6.14304
11	7.22584	6.3688
11	7.10264	6.61356
11	6.96811	6.88208
11	6.82597	7.18422
11	6.62011	7.53162
11	6.33524	7.9663
11	6.15934	8.66938
11	6.01775	9.38145

91	6	0
91	6.35706	0.759549
91	6.9299	1.33947
91	7.49393	1.91358
91	8.04665	2.48087
91	8.58445	3.03934
91	8.8395	3.3925
91	8.92625	3.65108
91	9.02173	3.92376
91	8.86468	4.06155
91	8.81498	4.26497
91	8.75071	4.46185
91	8.66807	4.65019
91	8.58273	4.8388
91	8.46918	5.01428
91	8.35295	5.19119
91	8.22205	5.36456
91	8.09597	5.54529
91	7.96058	5.72863
91	7.83029	5.92283
91	7.70156	6.12879
91	7.53281	6.3423
91	7.35271	6.57806
91	7.15341	6.84592
91	6.89416	7.16622
91	6.557	7.80941
91	6.29951	8.50701
91	6.06764	9.21777
91	5.85869	9.93509
91	5.78928	10.6648

44	6	0
44	6.31472	0.748192
44	6.87368	1.29259
44	7.42059	1.82907
44	7.95543	2.35861
44	8.4792	2.88255
44	8.99561	3.40365
44	8.83241	3.55478
44	8.68635	3.70065
44	8.52912	3.83961
44	8.36413	3.97396
44	8.20061	4.11061
44	8.04334	4.25328
44	7.89259	4.40251
44	7.74828	4.55873
44	7.63783	4.73902
44	7.51607	4.91772
44	7.39653	5.10365
44	7.27014	5.29395
44	7.14521	5.49539
44	7.01795	5.71003
44	6.88849	5.9438
44	6.79394	6.21506
44	6.38324	6.66188
44	5.96665	7.20692
44	6.29389	7.95596
44	5.98395	8.64793
44	6.26556	9.39396
44	6.04161	10.1091
44	5.95807	10.8368

12	6	0
12	6.30689	0.763826
12	6.81768	1.32772
12	7.32211	1.88728
12	7.82028	2.44323
12	8.3123	2.99612
12	8.79893	3.54657
12	8.63985	3.67543
12	8.55064	3.85637
12	8.39906	3.97133
12	8.2411	4.0807
12	8.0829	4.19048
12	7.94238	4.31706
12	7.82441	4.46383
12	7.74112	4.63838
12	7.61923	4.78814
12	7.50606	4.94874
12	7.3946	5.11625
12	7.27648	5.28667
12	7.19297	5.48862
12	7.09074	5.69204
12	6.98794	5.91245
12	6.88295	6.15614
12	6.54125	6.52198
12	6.12809	7.05948
12	5.79877	7.7434
12	6.17736	8.50469
12	5.87509	9.22597
12	5.93384	9.9707
12	5.99557	10.7176

93	6	0
93	6.35868	0.752969
93	6.90041	1.26818
93	7.43277	1.77735
93	7.95425	2.27984
93	8.46669	2.77748
93	8.96716	3.2687
93	8.95001	3.43397
93	8.86061	3.5597
93	8.73769	3.65573
93	8.59207	3.73558
93	8.44637	3.81614
93	8.32241	3.92351
93	8.24188	4.0522
93	8.14804	4.1748
93	8.04487	4.2938
93	7.9126	4.39566
93	7.83049	4.53284
93	7.72783	4.66138
93	7.6156	4.78834
93	7.55303	4.94886
93	7.46851	5.10436
93	7.37726	5.26455
93	7.27965	5.43215
93	7.1748	5.61063
93	7.12303	5.80678
93	7.09634	6.0234
93	6.90846	6.21539
93	6.73187	6.45223
93	6.55125	6.73209

50	6	0
50	6.20456	0.757609
50	6.78688	1.30349
50	7.35896	1.8427
50	7.91932	2.37525
50	8.46444	2.89754
50	8.99245	3.40879
50	8.93659	3.53576
50	8.93473	3.69194
50	8.91193	3.83805
50	8.84563	3.96218
50	8.75444	4.07338
50	8.6531	4.17998
50	8.54706	4.28531
50	8.43841	4.39082
50	8.32829	4.49743
50	8.21748	4.60589
50	8.10657	4.71689
50	7.99614	4.83112
50	7.88662	4.94929
50	7.77845	5.07211
50	7.67194	5.20035
50	7.56734	5.33478
50	7.42696	5.46873
50	7.29695	5.61927
50	7.1739	5.78823
50	7.13715	5.98373
50	7.05027	6.1719
50	6.73609	6.53776
50	6.33442	7.05503

47	6	0
47	6.25769	0.762787
47	6.79315	1.31834
47	7.3208	1.86851
47	7.8401	2.41367
47	8.35156	2.95471
47	8.85601	3.49228
47	8.81812	3.71037
47	8.80943	3.94278
47	8.6516	4.08291
47	8.50353	4.23117
47	8.35665	4.38107
47	8.24097	4.55393
47	8.10172	4.71164
47	7.96693	4.87421
47	7.83248	5.03919
47	7.70431	5.21117
47	7.5831	5.39102
47	7.47087	5.58047
47	7.3687	5.78061
47	7.27743	5.99234
47	7.19757	6.21641
47	7.00129	6.37085
47	6.85361	6.58883
47	6.72701	6.8325
47	6.59501	7.10068
47	6.43542	7.40235
47	6.21046	7.73541
47	5.87476	8.38914
47	6.22337	9.15328

94	6	0
94	6.15137	0.756735
94	6.69556	1.31337
94	7.23409	1.86597
94	7.76674	2.41495
94	8.29317	2.96037
94	8.81424	3.50263
94	8.73626	3.65886
94	8.61682	3.77795
94	8.52491	3.91685
94	8.39584	4.03071
94	8.30125	4.16962
94	8.17063	4.28556
94	8.05245	4.41221
94	7.92628	4.53625
94	7.84411	4.69147
94	7.72103	4.82595
94	7.60244	4.96888
94	7.4816	5.11775
94	7.41596	5.30461
94	7.31466	5.48451
94	7.21344	5.6792
94	7.08514	5.88375
94	7.04585	6.14559
94	6.69481	6.48358
94	6.2516	6.95377
94	5.82437	7.52039
94	5.99135	8.27358
94	5.977	9.01947
94	5.89022	9.76255

38	6	0
38	6.24237	0.765939
38	6.75628	1.3296
38	7.26506	1.8898
38	7.76928	2.44758
38	8.27026	3.00431
38	8.6486	3.46559
38	8.70678	3.7407
38	8.69622	3.98311
38	8.66235	4.21282
38	8.53827	4.38463
38	8.41821	4.56037
38	8.26585	4.71547
38	8.12818	4.88343
38	7.98787	5.04831
38	7.86259	5.23177
38	7.73103	5.40896
38	7.61448	5.60939
38	7.46967	5.80311
38	7.32941	6.01223
38	7.1488	6.21354
38	6.9909	6.43856
38	6.83446	6.68842
38	6.66202	6.97019
38	6.42523	7.29466
38	6.06986	7.97296
38	5.79432	8.69469
38	5.95808	9.45276
38	5.95068	10.204
38	5.89889	10.9551

3	6	0
3	6.32269	0.748432
3	6.88788	1.28262
3	7.4328	1.80188
3	7.95061	2.30235
3	8.44743	2.78995
3	8.93041	3.27024
3	8.82148	3.39033
3	8.68615	3.49159
3	8.55145	3.59372
3	8.42406	3.70194
3	8.30089	3.81404
3	8.17082	3.92188
3	8.04923	4.03696
3	7.92153	4.14881
3	7.82947	4.28676
3	7.73108	4.42319
3	7.62455	4.55724
3	7.53232	4.70357
3	7.45157	4.87711
3	7.38671	5.06189
3	7.28446	5.22177
3	7.15487	5.37626
3	7.02571	5.54222
3	6.95303	5.7423
3	6.89631	5.95651
3	6.84854	6.18358
3	6.71752	6.43608
3	6.5861	6.71732
3	6.40568	7.03137

57	6	0
57	6.43236	0.760419
57	6.99394	1.36453
57	7.54765	1.96358
57	8.09118	2.55664
57	8.62113	3.14187
57	8.85449	3.53524
57	8.89107	3.84127
57	8.80499	4.09118
57	8.68438	4.32213
57	8.55006	4.54508
57	8.40767	4.76382
57	8.25985	4.98486
57	8.10764	5.20685
57	7.95301	5.43224
57	7.79798	5.66377
57	7.64448	5.90451
57	7.49418	6.15785
57	7.27791	6.42073
57	7.0193	6.7323
57	6.61003	7.27441
57	6.33727	7.95005
57	6.10467	8.64826
57	5.89511	9.35509
57	6.06175	10.0859
57	5.94085	10.8047
57	6.04845	11.5362
57	5.92665	12.2651
57	6.0877	13.0024
57	6.20903	13.7483

15	6	0
15	6.34741	0.76866
15	6.86707	1.33181
15	7.37982	1.89031
15	7.88609	2.44516
15	8.38614	2.99705
15	8.8824	3.54771
15	8.72743	3.66973
15	8.7172	3.90564
15	8.56538	4.05101
15	8.40772	4.19142
15	8.26183	4.34763
15	8.19413	4.55262
15	8.04198	4.7006
15	7.90358	4.86103
15	7.7672	5.02591
15	7.63664	5.19878
15	7.53115	5.39538
15	7.43194	5.59971
15	7.32098	5.80379
15	7.22159	6.02399
15	7.01273	6.17322
15	6.84885	6.35628
15	6.68176	6.55837
15	6.52388	6.78744
15	6.34531	7.0478
15	6.11193	7.33605
15	5.73949	7.99573
15	6.07722	8.76001
15	5.7245	9.481

60	6	0
60	6.25249	0.752489
60	6.75989	1.31877
60	7.25853	1.87894
60	7.74923	2.43407
60	8.23218	2.98449
60	8.70748	3.52991
60	8.517	3.6692
60	8.30563	3.78764
60	8.12358	3.93346
60	7.95472	4.09091
60	7.77419	4.2391
60	7.62149	4.41162
60	7.47145	4.58852
60	7.35338	4.79154
60	7.23785	5.00093
60	7.12291	5.21724
60	6.9864	5.42938
60	6.85151	5.65552
60	6.72761	5.90571
60	6.60062	6.18091
60	6.28116	6.54123
60	5.85294	7.05493
60	6.28995	7.8154
60	5.91647	8.50946
60	6.05921	9.24744
60	5.93296	9.97337
60	5.90865	10.7057
60	5.93243	11.4448
60	5.94536	12.1856

4	6	0
4	6.30605	0.761288
4	6.88507	1.33374
4	7.45637	1.90143
4	8.01676	2.46275
4	8.56172	3.01514
4	8.74719	3.32846
4	8.84591	3.59859
4	8.85993	3.832
4	8.74031	3.99597
4	8.60728	4.15272
4	8.4552	4.29038
4	8.35613	4.47091
4	8.22492	4.6339
4	8.08483	4.79372
4	7.93476	4.93952
4	7.82204	5.12089
4	7.69648	5.29901
4	7.56999	5.4816
4	7.44905	5.67323
4	7.33529	5.87588
4	7.22672	6.06749
4	7.07629	6.2895
4	6.94547	6.53095
4	6.8	6.79144
4	6.67108	7.08068
4	6.51938	7.40737
4	6.31637	7.77227
4	6.07288	8.46756
4	5.86046	9.17858

53	6	0
53	6.27618	0.759188
53	6.78634	1.32196
53	7.28297	1.8746
53	7.76437	2.41658
53	8.22818	2.94675
53	8.67534	3.46597
53	8.56839	3.59164
53	8.41002	3.66895
53	8.24009	3.7336
53	8.09309	3.82105
53	7.94812	3.91035
53	7.80072	3.9974
53	7.67128	4.10172
53	7.53986	4.20513
53	7.54053	4.40586
53	7.46692	4.5609
53	7.35289	4.68819
53	7.23004	4.81219
53	7.17029	4.98674
53	7.05707	5.13047
53	7.05058	5.34818
53	6.96181	5.52836
53	6.85391	5.71088
53	6.70785	5.89192
53	6.65691	6.14366
53	6.52261	6.33236
53	6.18873	6.74591
53	5.80569	7.32245
53	6.22375	8.08402

24	6	0
24	6.39744	0.75881
24	6.95406	1.31611
24	7.49654	1.86397
24	8.01934	2.39905
24	8.51658	2.91775
24	8.98864	3.42041
24	8.90514	3.6127
24	8.83088	3.81109
24	8.69519	3.97527
24	8.52927	4.11947
24	8.36131	4.25833
24	8.22534	4.4262
24	8.07324	4.58002
24	8.00249	4.79006
24	7.86049	4.96135
24	7.71893	5.13651
24	7.57214	5.31302
24	7.50055	5.53561
24	7.40015	5.73763
24	7.31041	5.96369
24	7.19306	6.18593
24	6.99353	6.39046
24	6.80194	6.6207
24	6.60063	6.88084
24	6.37272	7.16589
24	6.06354	7.83341
24	5.8162	8.5318
24	6.07565	9.26936
24	5.84842	9.97827

88	6	0
88	6.20796	0.754344
88	6.71899	1.32042
88	7.22078	1.88716
88	7.71689	2.4499
88	8.20655	3.00833
88	8.60243	3.48967
88	8.68173	3.75701
88	8.59003	3.91351
88	8.44218	3.99532
88	8.28097	4.06281
88	8.11966	4.13005
88	7.957	4.19595
88	7.80192	4.27036
88	7.65272	4.35179
88	7.51001	4.44122
88	7.3742	4.5395
88	7.24575	4.64762
88	7.1206	4.76268
88	7.02001	4.90352
88	6.91097	5.04452
88	6.86348	5.23743
88	6.79527	5.4285
88	6.6541	5.58699
88	6.48978	5.75288
88	6.30532	5.93994
88	6.11782	6.17377
88	5.78728	6.63806
88	6.22235	7.40001
88	5.84335	8.07688

2	6	0
2	6.3818	0.763591
2	6.8826	1.3094
2	7.37412	1.84846
2	7.85714	2.38213
2	8.33213	2.91135
2	8.80058	3.43752
2	8.66511	3.51701
2	8.52307	3.58922
2	8.37784	3.65746
2	8.21958	3.71107
2	8.07128	3.7745
2	7.93496	3.84973
2	7.9325	4.03116
2	7.83456	4.14449
2	7.70433	4.22961
2	7.58007	4.32116
2	7.46491	4.42227
2	7.50305	4.63269
2	7.40517	4.75619
2	7.34096	4.90862
2	7.22446	5.02671
2	7.1549	5.1851
2	7.08493	5.35066
2	6.96283	5.49108
2	6.87044	5.66328
2	6.7789	5.85242
2	6.71749	6.07843
2	6.55515	6.32701
2	6.19126	6.73462

51	6	0
51	6.08028	0.741994
51	6.64947	1.31082
51	7.2143	1.87645
51	7.77447	2.43917
51	8.32992	2.99909
51	8.86889	3.55209
51	8.8578	3.7563
51	8.84879	3.96166
51	8.74812	4.11498
51	8.63512	4.26077
51	8.51577	4.40315
51	8.46143	4.58857
51	8.35555	4.7472
51	8.23662	4.90084
51	8.10801	5.04294
51	8.01886	5.21922
51	7.89632	5.3824
51	7.76454	5.54734
51	7.64024	5.70509
51	7.56558	5.91342
51	7.44643	6.11211
51	7.29255	6.30399
51	7.11875	6.51365
51	6.93663	6.74795
51	6.71666	7.02331
51	6.2628	7.53537
51	5.86411	8.16913
51	5.93927	8.91113
51	5.87321	9.64714

96	6	0
96	6.30078	0.752973
96	6.88634	1.31731
96	7.46185	1.87489
96	8.02341	2.42331
96	8.56497	2.95852
96	9.08122	3.47691
96	8.93271	3.60718
96	9.00201	3.84053
96	8.87697	3.98509
96	8.8504	4.17927
96	8.7483	4.34112
96	8.64426	4.50484
96	8.54702	4.67482
96	8.40789	4.83144
96	8.24915	4.98701
96	8.10184	5.15391
96	7.99513	5.34306
96	7.84303	5.53019
96	7.66962	5.73069
96	7.56565	5.96542
96	7.39286	6.21932
96	6.97355	6.64991
96	6.56973	7.23588
96	6.28549	7.92614
96	6.0272	8.63383
96	5.78539	9.3493
96	5.87836	10.0822
96	5.69863	10.8062
96	5.68727	11.538

84	6	0
84	6.24515	0.754132
84	6.76639	1.31087
84	7.28233	1.86353
84	7.79366	2.41342
84	8.30084	2.96136
84	8.80544	3.50864
84	8.69117	3.59496
84	8.57928	3.6529
84	8.45426	3.6962
84	8.33201	3.74163
84	8.22777	3.80509
84	8.12995	3.87458
84	8.03468	3.94642
84	7.96551	4.06835
84	7.94139	4.20123
84	7.87035	4.29806
84	7.79744	4.39443
84	7.70602	4.47582
84	7.61981	4.56345
84	7.55391	4.69341
84	7.49206	4.80706
84	7.4112	4.90882
84	7.37037	5.04549
84	7.27808	5.14817
84	7.19459	5.26401
84	7.11407	5.38979
84	7.0478	5.53519
84	7.0086	5.71148
84	6.94248	5.88581

6	6	0
6	6.39836	0.766391
6	6.9742	1.31386
6	7.53308	1.84957
6	8.06679	2.36832
6	8.56416	2.86322
6	9.02331	3.33397
6	8.78194	3.41347
6	8.65726	3.5706
6	8.5439	3.73017
6	8.40788	3.87757
6	8.28853	4.03671
6	8.17833	4.20768
6	8.0927	4.38982
6	7.94908	4.5428
6	7.78526	4.68756
6	7.6522	4.85528
6	7.55846	5.04779
6	7.47124	5.24713
6	7.42075	5.47255
6	7.31359	5.67308
6	7.13767	5.87743
6	7.05079	6.13477
6	6.70459	6.47275
6	6.24503	6.97474
6	5.91461	7.64011
6	6.17862	8.38665
6	5.8875	9.09552
6	6.0311	9.83047
6	5.82906	10.5529

5	6	0
5	6.33604	0.765208
5	6.87255	1.34782
5	7.39942	1.9233
5	7.91577	2.4917
5	8.4213	3.05325
5	8.63389	3.38884
5	8.68089	3.61914
5	8.6169	3.80293
5	8.53658	3.97511
5	8.41502	4.09701
5	8.34065	4.25464
5	8.21987	4.38027
5	8.08603	4.49804
5	8.01306	4.66134
5	7.89338	4.79665
5	7.7677	4.93265
5	7.68077	5.09936
5	7.55533	5.25037
5	7.44171	5.41839
5	7.31446	5.5927
5	7.19265	5.78743
5	7.13489	6.03047
5	6.89478	6.3257
5	6.49239	6.79155
5	6.12485	7.40257
5	5.83949	8.10282
5	6.1051	8.85795
5	5.87986	9.58543
5	5.95639	10.3328

99	6	0
99	6.30434	0.751502
99	6.89552	1.3265
99	7.47757	1.89604
99	8.04705	2.45837
99	8.59928	3.01085
99	8.78217	3.33818
99	8.86054	3.61854
99	8.83602	3.85802
99	8.75325	4.07654
99	8.63137	4.27744
99	8.49886	4.47465
99	8.3557	4.66845
99	8.20883	4.8527
99	8.07743	5.05688
99	7.93057	5.25796
99	7.7815	5.46336
99	7.63581	5.67703
99	7.49017	5.89964
99	7.39239	6.1488
99	7.22585	6.39089
99	7.049	6.65343
99	6.87193	6.94332
99	6.68404	7.27043
99	6.43822	7.65507
99	6.1096	8.14026
99	5.86051	8.84645
99	6.01361	9.58236
99	5.79103	10.2994
99	5.73624	11.0274

85	6	0
85	6.42317	0.738585
85	6.97354	1.30683
85	7.51826	1.87166
85	8.05781	2.43398
85	8.59383	2.99506
85	9.10747	3.54274
85	8.92369	3.6554
85	8.85368	3.84891
85	8.74535	4.0204
85	8.62354	4.18438
85	8.49385	4.34463
85	8.35819	4.50278
85	8.23791	4.6721
85	8.11121	4.84003
85	7.98378	5.01051
85	7.85799	5.18557
85	7.73869	5.36849
85	7.61569	5.55515
85	7.49704	5.75092
85	7.38765	5.95933
85	7.2923	6.18343
85	7.15469	6.41305
85	7.00825	6.6658
85	6.85294	6.95058
85	6.66503	7.27224
85	6.44507	7.95399
85	6.26424	8.65358
85	6.11715	9.36141
85	6.00952	10.0728

63	6	0
63	6.18782	0.75718
63	6.70868	1.32043
63	7.22142	1.87781
63	7.72589	2.42992
63	8.22142	2.97679
63	8.70893	3.5192
63	8.70984	3.74956
63	8.76307	4.00589
63	8.63215	4.15173
63	8.49815	4.29597
63	8.4017	4.46685
63	8.29373	4.6314
63	8.16435	4.78204
63	8.02893	4.9306
63	7.91751	5.09905
63	7.7887	5.25954
63	7.6625	5.42706
63	7.56346	5.61793
63	7.44741	5.80613
63	7.34121	6.01037
63	7.17535	6.18006
63	7.01074	6.36763
63	6.83652	6.57684
63	6.63295	6.82107
63	6.37957	7.11257
63	5.99317	7.79115
63	6.15473	8.54196
63	5.82482	9.26288
63	5.77251	10.0071

39	6	0
39	6.23293	0.75958
39	6.81287	1.32468
39	7.38284	1.88371
39	7.94071	2.43631
39	8.48345	2.98145
39	9.01011	3.51924
39	8.80394	3.61115
39	8.6665	3.7369
39	8.51252	3.85322
39	8.38722	3.98861
39	8.24436	4.11508
39	8.08689	4.23493
39	7.94313	4.36543
39	7.805	4.50237
39	7.67971	4.65019
39	7.57465	4.81309
39	7.46318	4.97861
39	7.39792	5.17186
39	7.28845	5.35489
39	7.16195	5.54359
39	7.07521	5.76097
39	6.9489	5.98754
39	6.84175	6.24711
39	6.47156	6.69354
39	6.09305	7.27002
39	5.81855	7.97005
39	6.00973	8.72366
39	5.76631	9.45545
39	5.87948	10.2061

61	6	0
61	6.347	0.765266
61	6.85789	1.33164
61	7.36119	1.8926
61	7.85675	2.44869
61	8.34546	3.00096
61	8.56979	3.35714
61	8.57762	3.5801
61	8.68614	3.87331
61	8.55462	4.01622
61	8.38199	4.12051
61	8.24375	4.2557
61	8.17062	4.44303
61	8.02619	4.57544
61	7.87284	4.70202
61	7.80776	4.8992
61	7.6688	5.04478
61	7.52806	5.19359
61	7.48694	5.41649
61	7.35782	5.58765
61	7.24832	5.78189
61	7.12032	5.97534
61	7.06434	6.2261
61	6.84869	6.36925
61	6.63576	6.54154
61	6.2115	6.9917
61	5.82586	7.62582
61	6.16643	8.38514
61	5.80259	9.09607
61	5.79288	9.84003

66	6	0
66	6.34209	0.759901
66	6.8405	1.31284
66	7.33309	1.86144
66	7.82284	2.41648
66	8.30836	2.96871
66	8.79176	3.52035
66	9.12402	3.96063
66	8.89021	4.022
66	8.77194	4.19256
66	8.57957	4.30063
66	8.35172	4.34959
66	8.14671	4.42331
66	7.93456	4.49027
66	7.73153	4.56789
66	7.56147	4.67937
66	7.42605	4.82349
66	7.33213	5.00234
66	7.26921	5.20629
66	7.26018	5.45825
66	7.20904	5.69399
66	7.1201	5.9167
66	7.16114	6.21192
66	7.01636	6.40702
66	6.8584	6.61832
66	6.54106	7.01019
66	6.14996	7.5252
66	5.84805	8.18216
66	6.27502	8.94692
66	6.07952	9.67108

36	6	0
36	6.27246	0.761257
36	6.79624	1.32169
36	7.31192	1.87662
36	7.81923	2.42665
36	8.31742	2.97192
36	8.8062	3.51255
36	8.68267	3.65023
36	8.52054	3.7351
36	8.34168	3.80284
36	8.20596	3.9113
36	8.05694	4.00816
36	8.04696	4.20574
36	7.90339	4.31063
36	7.77265	4.42796
36	7.65602	4.5588
36	7.575	4.71843
36	7.45754	4.85598
36	7.32396	4.98648
36	7.23824	5.15683
36	7.12581	5.31781
36	7.1924	5.58419
36	7.05854	5.75962
36	6.9359	5.96138
36	6.87495	6.21756
36	6.50827	6.60344
36	6.09031	7.16808
36	5.75387	7.85678
36	6.15594	8.61847
36	5.84105	9.33958

37	6	0
37	6.39824	0.740759
37	6.96076	1.29446
37	7.5172	1.84525
37	8.06772	2.39411
37	8.6129	2.94205
37	9.1562	3.49106
37	8.97556	3.56352
37	8.86554	3.6674
37	8.75201	3.76985
37	8.62299	3.86277
37	8.50312	3.96318
37	8.4287	4.09418
37	8.31736	4.20401
37	8.21082	4.31904
37	8.09982	4.43389
37	8.01463	4.56706
37	7.90254	4.68835
37	7.79161	4.8148
37	7.68229	4.94756
37	7.5989	5.09989
37	7.49731	5.25134
37	7.38135	5.40702
37	7.30682	5.59161
37	7.18943	5.77815
37	7.10487	5.9959
37	7.00861	6.24099
37	6.68197	6.74194
37	6.45167	7.40544
37	6.26622	8.10286

28	6	0
28	6.23493	0.760109
28	6.75962	1.31722
28	7.27318	1.86648
28	7.77594	2.40887
28	8.26677	2.94419
28	8.74454	3.47185
28	8.62354	3.6123
28	8.45765	3.71559
28	8.2882	3.8155
28	8.1384	3.93235
28	8.00218	4.06066
28	7.85339	4.17982
28	7.71569	4.30912
28	7.5699	4.43402
28	7.52874	4.63101
28	7.44134	4.80412
28	7.3079	4.95176
28	7.20828	5.12748
28	7.10582	5.30941
28	7.00593	5.5031
28	6.88712	5.70071
28	6.76554	5.91642
28	6.68239	6.17399
28	6.43891	6.51428
28	6.02369	7.04855
28	5.6813	7.72608
28	6.00472	8.48474
28	5.68712	9.20204
28	5.67148	9.94374

32	6	0
32	6.27211	0.749934
32	6.856	1.32354
32	7.43261	1.89276
32	8.00021	2.45696
32	8.55624	3.01487
32	8.79172	3.36728
32	8.88373	3.65259
32	8.90782	3.9131
32	8.76631	4.09186
32	8.61328	4.269
32	8.45287	4.44316
32	8.33296	4.64279
32	8.18137	4.82675
32	8.03515	5.01635
32	7.87938	5.20422
32	7.73202	5.4011
32	7.58255	5.60266
32	7.44402	5.81703
32	7.32874	6.0506
32	7.14388	6.26985
32	6.96714	6.508
32	6.78967	6.76617
32	6.59854	7.04972
32	6.15583	7.55554
32	5.82185	8.20987
32	6.02771	8.95093
32	5.73358	9.65562
32	5.73408	10.3838
32	5.61611	11.1075

13	6	0
13	6.23505	0.75423
13	6.71152	1.29818
13	7.18058	1.83613
13	7.64507	2.3707
13	8.06571	2.88223
13	8.49623	3.40073
13	8.39481	3.53908
13	8.26891	3.62476
13	8.13851	3.70525
13	8.02798	3.80567
13	7.91318	3.90196
13	7.80754	4.0074
13	7.72039	4.13039
13	7.70326	4.32576
13	7.60999	4.44696
13	7.48583	4.54183
13	7.38258	4.65884
13	7.30053	4.79739
13	7.27995	4.99995
13	7.19521	5.14812
13	7.07513	5.27565
13	7.02756	5.47477
13	6.93065	5.64464
13	6.81715	5.8205
13	6.70686	6.02208
13	6.47517	6.23841
13	6.08539	6.67267
13	5.72542	7.30918
13	6.1246	8.0675

98	6	0
98	6.26796	0.771067
98	6.78186	1.3322
98	7.29039	1.88972
98	7.79456	2.44497
98	8.2949	2.99885
98	8.79338	3.5529
98	8.69179	3.73232
98	8.67659	3.97005
98	8.57235	4.15717
98	8.45224	4.33366
98	8.30644	4.49301
98	8.18029	4.66764
98	8.05148	4.84241
98	7.92498	5.02182
98	7.78506	5.19631
98	7.64365	5.37534
98	7.51004	5.56635
98	7.40209	5.77988
98	7.28394	5.99862
98	7.16785	6.23291
98	7.0131	6.4464
98	6.85765	6.68424
98	6.69979	6.95297
98	6.47132	7.25372
98	6.05884	7.87327
98	5.76714	8.58843
98	6.09391	9.35682
98	5.96002	10.105
98	5.85779	10.8579

8	6	0
8	6.2608	0.762635
8	6.77586	1.32123
8	7.28452	1.87507
8	7.78808	2.42571
8	8.28906	2.97534
8	8.78876	3.52472
8	8.68784	3.66658
8	8.62886	3.83731
8	8.47492	3.93401
8	8.33216	4.0407
8	8.23939	4.18944
8	8.10913	4.30902
8	8.04588	4.47913
8	7.92046	4.60528
8	7.8432	4.76987
8	7.72491	4.90721
8	7.61646	5.0559
8	7.50217	5.20475
8	7.42896	5.38708
8	7.32648	5.55692
8	7.23636	5.74311
8	7.13494	5.93331
8	7.09119	6.16813
8	6.94076	6.33795
8	6.78638	6.53257
8	6.62499	6.75866
8	6.22569	7.26193
8	5.89786	7.91434
8	6.32338	8.68242

16	6	0
16	6.32106	0.747171
16	6.88891	1.28576
16	7.44345	1.8151
16	7.98207	2.33425
16	8.50412	2.84357
16	9.02223	3.35252
16	8.83762	3.46092
16	8.81612	3.66062
16	8.73967	3.83354
16	8.63377	3.99061
16	8.52813	4.15024
16	8.41381	4.30677
16	8.34688	4.49004
16	8.23339	4.64867
16	8.15538	4.83152
16	8.04237	4.99939
16	7.92348	5.168
16	7.80157	5.33964
16	7.67617	5.50325
16	7.59249	5.70354
16	7.4785	5.89793
16	7.35691	6.09917
16	7.21364	6.32887
16	7.05878	6.57772
16	6.88171	6.85268
16	6.42424	7.34362
16	6.02114	7.94629
16	5.72848	8.64132
16	6.00007	9.38493

86	6	0
86	6.32224	0.746555
86	6.88502	1.29428
86	7.43464	1.83295
86	7.94642	2.35181
86	8.44209	2.86034
86	8.92945	3.36428
86	8.86919	3.56095
86	8.80687	3.75734
86	8.72806	3.94645
86	8.62776	4.1256
86	8.55423	4.31128
86	8.4376	4.47584
86	8.33317	4.65082
86	8.18593	4.80619
86	8.02977	4.96211
86	7.87512	5.12556
86	7.76743	5.31908
86	7.62045	5.50641
86	7.47494	5.70873
86	7.31641	5.92769
86	7.28682	6.18388
86	7.15844	6.4404
86	6.73242	6.89513
86	6.30528	7.41516
86	5.97807	8.06382
86	6.29137	8.81202
86	6.05565	9.52211
86	5.93368	10.2453
86	6.07483	10.9817

49	6	0
49	6.38062	0.755366
49	6.93844	1.28721
49	7.48115	1.80912
49	8.00749	2.32142
49	8.51771	2.82523
49	9.0163	3.32408
49	8.79649	3.42926
49	8.64119	3.55263
49	8.49789	3.68552
49	8.3502	3.81601
49	8.21146	3.95389
49	8.06991	4.09102
49	7.94012	4.23774
49	7.80766	4.38463
49	7.69737	4.54809
49	7.578	4.70927
49	7.46637	4.87896
49	7.34945	5.05058
49	7.25645	5.24114
49	7.155	5.43566
49	7.04548	5.63723
49	6.94631	5.85752
49	6.8421	6.09631
49	6.67127	6.40947
49	6.28315	6.86189
49	5.882	7.40562
49	6.28296	8.16516
49	5.99941	8.86005
49	6.29967	9.60741

25	6	0
25	6.11902	0.753354
25	6.64167	1.29697
25	7.15919	1.83704
25	7.67153	2.37406
25	8.17858	2.90821
25	8.68133	3.43989
25	8.58378	3.58923
25	8.56853	3.79708
25	8.4974	3.97372
25	8.35171	4.09998
25	8.28371	4.27966
25	8.13143	4.40214
25	8.04787	4.57455
25	7.89959	4.70422
25	7.76756	4.84864
25	7.61977	4.98552
25	7.55511	5.17965
25	7.42437	5.33197
25	7.36425	5.53819
25	7.23309	5.711
25	7.10358	5.87766
25	7.09487	6.13221
25	6.89837	6.29373
25	6.69837	6.47794
25	6.48873	6.68931
25	6.05762	7.18217
25	5.66805	7.80539
25	5.86594	8.56012
25	5.86622	9.3059

71	6	0
71	6.16164	0.753399
71	6.68203	1.30788
71	7.19646	1.85822
71	7.70662	2.40632
71	8.21341	2.95331
71	8.71821	3.5002
71	8.64202	3.7096
71	8.50414	3.88044
71	8.3508	4.04087
71	8.16415	4.14697
71	7.97958	4.25517
71	7.83159	4.39493
71	7.68443	4.53705
71	7.57695	4.71007
71	7.46033	4.88061
71	7.34837	5.05904
71	7.23071	5.24026
71	7.20094	5.49309
71	7.12403	5.7295
71	6.96955	5.93132
71	6.82972	6.16484
71	6.55881	6.47086
71	6.13444	6.94033
71	5.74345	7.55093
71	6.09692	8.30958
71	5.75154	9.01967
71	5.75663	9.76049
71	5.71601	10.501
71	5.59096	11.2396

56	6	0
56	6.23871	0.758855
56	6.68672	1.32031
56	7.1278	1.8771
56	7.56399	2.43062
56	7.9987	2.98306
56	8.4342	3.53585
56	8.2877	3.75986
56	8.10614	3.9551
56	7.94859	4.17042
56	7.7978	4.39146
56	7.70825	4.65459
56	7.57231	4.88867
56	7.43512	5.12426
56	7.29702	5.36262
56	7.15852	5.60609
56	7.02725	5.86334
56	6.90525	6.13779
56	6.69629	6.36498
56	6.45371	6.6301
56	6.04223	7.2252
56	5.71208	7.92836
56	6.08486	8.68949
56	5.77589	9.41593
56	5.85207	10.1641
56	5.85753	10.9117
56	5.82871	11.6606
56	5.77937	12.4105
56	5.71568	13.1615
56	5.62294	13.9126

0	6	0
0	6.37294	0.765769
0	6.84446	1.31723
0	7.30613	1.86948
0	7.75871	2.41599
0	8.20499	2.95872
0	8.64859	3.50011
0	8.52342	3.71521
0	8.36492	3.90477
0	8.18588	4.07134
0	8.01126	4.24241
0	7.84552	4.42199
0	7.70569	4.62863
0	7.57827	4.84584
0	7.45598	5.06891
0	7.33856	5.29837
0	7.22867	5.53672
0	7.12861	5.78611
0	7.0392	6.04778
0	6.80599	6.20303
0	6.59689	6.38626
0	6.4102	6.59569
0	6.24141	6.82911
0	6.06182	7.07407
0	5.72258	7.65458
0	6.15122	8.42067
0	5.82079	9.13585
0	6.12491	9.89374
0	6.09544	10.6359
0	5.67401	11.3291

72	6	0
72	6.17827	0.755706
72	6.7216	1.32447
72	7.25938	1.88905
72	7.79122	2.44983
72	8.31732	3.00735
72	8.68978	3.43897
72	8.76082	3.65395
72	8.76673	3.82677
72	8.70084	3.95258
72	8.59826	4.05067
72	8.60194	4.22158
72	8.52086	4.33673
72	8.45212	4.46223
72	8.35347	4.56656
72	8.26826	4.6828
72	8.16394	4.78656
72	8.07546	4.90444
72	7.97035	5.01307
72	7.87746	5.1324
72	7.80589	5.27137
72	7.70864	5.39791
72	7.62731	5.54033
72	7.5275	5.67796
72	7.45943	5.84258
72	7.36363	6.00087
72	7.24572	6.15437
72	7.14314	6.32626
72	7.02943	6.51282
72	6.89237	6.71852

80	6	0
80	6.35625	0.748363
80	6.89848	1.25579
80	7.43376	1.75965
80	7.96208	2.26091
80	8.4844	2.76099
80	9.00105	3.26047
80	8.75397	3.21331
80	8.96026	3.47637
80	8.87635	3.57213
80	8.75608	3.64248
80	8.67393	3.74135
80	8.55475	3.81485
80	8.43349	3.88799
80	8.33556	3.97948
80	8.48391	4.21244
80	8.36415	4.29246
80	8.27969	4.39879
80	8.15894	4.48214
80	8.0414	4.57004
80	7.99546	4.70565
80	7.88762	4.8057
80	7.77406	4.9052
80	7.6803	5.02113
80	7.65711	5.18014
80	7.56028	5.30279
80	7.4585	5.42828
80	7.43962	5.60324
80	7.34539	5.74732
80	7.26541	5.90878

76	6	0
76	6.24376	0.758533
76	6.78196	1.33079
76	7.31375	1.89903
76	7.83137	2.46289
76	8.33826	3.02033
76	8.75528	3.51275
76	8.82523	3.81522
76	8.69125	4.02854
76	8.51205	4.20912
76	8.32897	4.38943
76	8.14092	4.56995
76	7.9617	4.76011
76	7.78449	4.95762
76	7.61447	5.16736
76	7.45802	5.39492
76	7.28802	5.63327
76	7.1385	5.90188
76	7.0559	6.1848
76	6.86657	6.43148
76	6.67851	6.69959
76	6.247	7.1901
76	5.83355	7.7635
76	6.12837	8.52062
76	5.85354	9.23467
76	6.0411	9.9865
76	6.01411	10.7296
76	6.03754	11.4773
76	5.699	12.2003
76	5.33085	12.9318

19	6	0
19	6.32902	0.747178
19	6.89164	1.29237
19	7.44032	1.82866
19	7.97199	2.35498
19	8.48565	2.87154
19	8.98625	3.38194
19	8.8902	3.57846
19	8.8537	3.81718
19	8.75643	4.03024
19	8.63561	4.23323
19	8.5457	4.45266
19	8.40859	4.64881
19	8.29485	4.86181
19	8.1619	5.06857
19	8.02109	5.27537
19	7.87823	5.48599
19	7.73656	5.70308
19	7.59862	5.9292
19	7.46639	6.167
19	7.29577	6.42272
19	7.14585	6.70064
19	6.98124	7.00041
19	6.79796	7.33188
19	6.53343	7.70458
19	6.19135	8.35447
19	5.93649	9.05849
19	6.18144	9.79984
19	5.99039	10.518
19	6.06913	11.2484

90	6	0
90	6.27367	0.742083
90	6.84397	1.28622
90	7.3989	1.81943
90	7.93325	2.33889
90	8.45107	2.84862
90	8.93056	3.33877
90	8.9074	3.54776
90	8.90548	3.76587
90	8.87208	3.97243
90	8.81469	4.16936
90	8.76534	4.37207
90	8.68079	4.55737
90	8.59982	4.75044
90	8.49824	4.9302
90	8.39716	5.1205
90	8.28596	5.29947
90	8.17206	5.49314
90	8.0382	5.68638
90	7.91758	5.89101
90	7.77666	6.1001
90	7.63448	6.33802
90	7.4855	6.59323
90	7.30996	6.87194
90	6.83128	7.34108
90	6.39399	7.91803
90	6.06364	8.60359
90	5.77418	9.30815
90	5.9109	10.0409
90	5.73663	10.7608

75	6	0
75	6.20764	0.757703
75	6.73803	1.30153
75	7.26195	1.84107
75	7.77887	2.3765
75	8.28882	2.9081
75	8.79367	3.43677
75	8.66738	3.60459
75	8.59148	3.80224
75	8.40438	3.9269
75	8.27038	4.09097
75	8.1011	4.2316
75	7.9993	4.41737
75	7.89943	4.60631
75	7.75446	4.76987
75	7.65979	4.96659
75	7.51329	5.13664
75	7.42306	5.34373
75	7.29184	5.5262
75	7.21471	5.75215
75	7.07995	5.95858
75	6.94134	6.17709
75	6.73843	6.3682
75	6.55567	6.58467
75	6.3705	6.82713
75	6.15842	7.10611
75	5.73237	7.64832
75	6.01475	8.40664
75	5.69598	9.12385
75	5.723	9.87171

48	6	0
48	6.33837	0.734437
48	6.90259	1.28163
48	7.45666	1.82247
48	7.99838	2.35629
48	8.52497	2.88177
48	9.0354	3.39814
48	8.85476	3.45675
48	8.75599	3.55572
48	8.63752	3.64142
48	8.50771	3.71944
48	8.36611	3.78929
48	8.22347	3.85899
48	8.08237	3.93065
48	7.94291	4.00447
48	7.80584	4.0812
48	7.67161	4.16139
48	7.54076	4.24567
48	7.41377	4.33473
48	7.29118	4.4293
48	7.17348	4.53017
48	7.06113	4.63819
48	7.02515	4.79449
48	6.95689	4.93949
48	6.87743	5.08549
48	6.79268	5.23738
48	6.74206	5.41539
48	6.64293	5.58634
48	6.56859	5.7843
48	6.43741	5.99077

35	6	0
35	6.24602	0.752536
35	6.76354	1.32752
35	7.27645	1.89899
35	7.78485	2.46754
35	8.28945	3.03383
35	8.64486	3.47964
35	8.65589	3.69567
35	8.65196	3.92057
35	8.54183	4.07583
35	8.40299	4.21265
35	8.28735	4.36427
35	8.19635	4.54128
35	8.09059	4.70263
35	7.95297	4.83999
35	7.81733	4.98183
35	7.67306	5.12065
35	7.60121	5.31666
35	7.4881	5.4887
35	7.41072	5.69274
35	7.30107	5.87653
35	7.23433	6.10482
35	7.04935	6.26584
35	6.88618	6.45312
35	6.71891	6.66424
35	6.53237	6.90518
35	6.10031	7.4132
35	5.77637	8.08122
35	6.19087	8.84113
35	5.95746	9.55992

31	6	0
31	6.38065	0.759778
31	6.94573	1.34338
31	7.50227	1.92156
31	8.04708	2.49277
31	8.57592	3.05456
31	8.83687	3.43183
31	8.96839	3.7478
31	8.98195	4.00824
31	8.89031	4.2158
31	8.79156	4.42015
31	8.68154	4.6188
31	8.56526	4.81501
31	8.44022	5.01409
31	8.30737	5.21233
31	8.16904	5.41213
31	8.0276	5.61614
31	7.88519	5.82723
31	7.74365	6.04848
31	7.58843	6.28302
31	7.43391	6.53487
31	7.27544	6.80843
31	7.10724	7.11086
31	6.88959	7.44609
31	6.53028	8.05467
31	6.31917	8.75683
31	6.14299	9.4743
31	5.98781	10.1977
31	5.87743	10.9251
31	5.965	11.6617

41	6	0
41	6.26927	0.752631
41	6.78743	1.33613
41	7.29741	1.9141
41	7.79935	2.48715
41	8.29412	3.056
41	8.64978	3.5409
41	8.57353	3.8122
41	8.44624	4.05282
41	8.25511	4.23364
41	8.05821	4.41125
41	7.85627	4.58732
41	7.66078	4.77212
41	7.51672	4.99737
41	7.3575	5.2203
41	7.20488	5.45753
41	7.04466	5.70554
41	6.90022	5.98271
41	6.74712	6.28939
41	6.38435	6.70615
41	5.96159	7.22192
41	6.40708	7.98436
41	6.04383	8.68108
41	5.80129	9.39928
41	5.99196	10.1428
41	6.0133	10.8777
41	6.27838	11.6295
41	6.62077	12.3889
41	6.22883	13.1073
41	5.89225	13.8343

55	6	0
55	6.31557	0.76092
55	6.79865	1.30267
55	7.27356	1.83857
55	7.74205	2.37055
55	8.1647	2.87729
55	8.58995	3.38626
55	8.44863	3.50005
55	8.35171	3.63303
55	8.26568	3.77485
55	8.14136	3.88372
55	8.00699	3.98327
55	7.90764	4.11454
55	7.7916	4.23238
55	7.71241	4.38168
55	7.60454	4.50986
55	7.5126	4.65325
55	7.4536	4.82376
55	7.34921	4.96499
55	7.2384	5.10638
55	7.16073	5.27823
55	7.07273	5.4512
55	6.9798	5.63145
55	6.86984	5.815
55	6.75908	6.0173
55	6.62309	6.2393
55	6.38825	6.55845
55	6.01537	7.11443
55	5.72214	7.80037
55	6.0853	8.55909

1	6	0
1	6.22617	0.752786
1	6.72399	1.30354
1	7.21799	1.85161
1	7.70946	2.39868
1	8.19957	2.94619
1	8.69045	3.496
1	8.62303	3.64544
1	8.73631	3.92253
1	8.63963	4.0665
1	8.52593	4.19594
1	8.41276	4.32645
1	8.29994	4.45722
1	8.20761	4.6062
1	8.09459	4.73959
1	7.97316	4.86843
1	7.85414	5.00148
1	7.75839	5.1561
1	7.64959	5.30453
1	7.54601	5.46174
1	7.46626	5.63922
1	7.37758	5.81961
1	7.27243	5.99826
1	7.18317	6.19888
1	7.00279	6.35058
1	6.81601	6.52717
1	6.6108	6.73521
1	6.18404	7.19486
1	5.83241	7.82782
1	6.15364	8.58282

89	6	0
89	6.28256	0.765008
89	6.85005	1.35858
89	7.41059	1.94835
89	7.96182	2.53342
89	8.50055	3.11232
89	8.60994	3.46185
89	8.68087	3.7966
89	8.55539	4.04715
89	8.40315	4.28318
89	8.23901	4.51314
89	8.06715	4.73979
89	7.89463	4.96798
89	7.7241	5.19986
89	7.55794	5.43737
89	7.40043	5.68355
89	7.2559	5.94126
89	7.12866	6.21301
89	6.91737	6.45635
89	6.74317	6.76036
89	6.58446	7.09124
89	6.42724	7.45534
89	6.26641	7.86539
89	6.01684	8.3609
89	5.71134	9.00426
89	5.48263	9.73432
89	5.22409	10.4607
89	4.91816	11.1713
89	4.61793	11.8925
89	4.3012	12.6155

69	6	0
69	6.29266	0.760392
69	6.87091	1.33345
69	7.44173	1.90201
69	8.00302	2.46546
69	8.55225	3.02273
69	8.90027	3.43372
69	8.96728	3.68853
69	8.97839	3.91749
69	8.89297	4.10049
69	8.7965	4.27854
69	8.66869	4.44042
69	8.56769	4.6191
69	8.43572	4.78308
69	8.31473	4.95583
69	8.17194	5.12096
69	8.04757	5.29988
69	7.90535	5.47632
69	7.77813	5.66694
69	7.63629	5.86126
69	7.51841	6.07639
69	7.36197	6.29759
69	7.19078	6.53971
69	6.7628	7.0247
69	6.4013	7.65251
69	6.13603	8.3574
69	5.89776	9.07726
69	5.99471	9.82055
69	5.85786	10.5551
69	5.79143	11.294

20	6	0
20	6.41427	0.741758
20	6.9627	1.33087
20	7.50465	1.91589
20	8.04027	2.49731
20	8.5589	3.07081
20	8.75101	3.43429
20	8.78769	3.70694
20	8.73115	3.93456
20	8.59937	4.11785
20	8.45412	4.29353
20	8.3135	4.47405
20	8.18931	4.66715
20	8.05635	4.85821
20	7.90761	5.04469
20	7.75172	5.23377
20	7.59807	5.43284
20	7.44615	5.64456
20	7.33147	5.88206
20	7.23141	6.13546
20	7.09793	6.3893
20	6.96843	6.66663
20	6.82801	6.96924
20	6.65735	7.30611
20	6.40444	7.9801
20	6.20077	8.68057
20	6.05294	9.39267
20	5.80016	10.0957
20	5.55218	10.8084
20	5.28777	11.5232

92	6	0
92	6.26822	0.769857
92	6.78156	1.34141
92	7.28793	1.90847
92	7.78832	2.47232
92	8.28341	3.03386
92	8.6072	3.47132
92	8.61416	3.73117
92	8.48123	3.91001
92	8.32658	4.07447
92	8.16429	4.23524
92	8.0022	4.39873
92	7.85952	4.57878
92	7.70722	4.75725
92	7.55858	4.94431
92	7.42075	5.14589
92	7.27717	5.35547
92	7.13596	5.58134
92	6.99743	5.82914
92	6.86149	6.10739
92	6.59888	6.4589
92	6.17618	6.98282
92	5.83393	7.66352
92	6.195	8.43134
92	5.89115	9.1595
92	5.90396	9.91097
92	5.965	10.6657
92	5.92818	11.4192
92	5.85246	12.1735
92	5.77588	12.9295

65	6	0
65	6.21284	0.763853
65	6.746	1.34126
65	7.27501	1.91611
65	7.8	2.48922
65	8.32162	3.06163
65	8.75037	3.55742
65	8.8249	3.83353
65	8.9513	4.14524
65	8.94787	4.39068
65	8.86021	4.59113
65	8.74538	4.77604
65	8.62832	4.95831
65	8.50093	5.13898
65	8.35707	5.31319
65	8.20991	5.49013
65	8.05707	5.67053
65	7.92284	5.8681
65	7.78027	6.07205
65	7.61805	6.27955
65	7.47158	6.50511
65	7.30401	6.74909
65	6.86793	7.21377
65	6.45333	7.77783
65	6.15997	8.48029
65	5.9361	9.20761
65	6.00507	9.95981
65	5.94728	10.706
65	5.88725	11.4559
65	5.79879	12.2065

77	6	0
77	6.37475	0.760484
77	6.95837	1.33767
77	7.53156	1.9072
77	8.08952	2.46618
77	8.62524	3.00995
77	8.79737	3.27432
77	8.90074	3.49722
77	8.98867	3.72391
77	8.99505	3.90812
77	8.93227	4.0527
77	8.87728	4.20566
77	8.81601	4.35296
77	8.7652	4.5106
77	8.68155	4.64556
77	8.6072	4.79339
77	8.51147	4.9231
77	8.42471	5.0688
77	8.32315	5.1983
77	8.23026	5.34753
77	8.12751	5.48112
77	8.03268	5.63918
77	7.93279	5.78104
77	7.8385	5.95353
77	7.74495	6.1077
77	7.62303	6.2982
77	7.51071	6.50417
77	7.36796	6.73093
77	6.94739	7.20008
77	6.59121	7.79786

42	6	0
42	6.4325	0.740247
42	6.97747	1.28013
42	7.51498	1.81519
42	8.04479	2.34599
42	8.57143	2.87589
42	9.10094	3.40853
42	8.89938	3.4332
42	8.93791	3.6223
42	8.94748	3.79641
42	8.86425	3.91592
42	8.74966	4.01397
42	8.6854	4.14703
42	8.58133	4.25425
42	8.46162	4.35149
42	8.35074	4.45636
42	8.23666	4.56069
42	8.12881	4.67121
42	8.02253	4.78507
42	7.91999	4.90404
42	7.82095	5.02839
42	7.72524	5.15847
42	7.63342	5.29522
42	7.54527	5.4392
42	7.46092	5.59132
42	7.38018	5.75256
42	7.30268	5.92412
42	7.28246	6.13136
42	7.15419	6.3093
42	7.01771	6.50944

45	6	0
45	6.36573	0.759214
45	6.92534	1.32006
45	7.47261	1.87201
45	8.0036	2.41292
45	8.51224	2.93896
45	8.99523	3.44834
45	8.89086	3.55073
45	8.76554	3.63669
45	8.62318	3.70838
45	8.47574	3.77565
45	8.35537	3.86611
45	8.22928	3.95262
45	8.1096	4.04516
45	8.01461	4.17246
45	7.99625	4.33727
45	7.92296	4.471
45	7.80702	4.57809
45	7.68303	4.68265
45	7.56689	4.79671
45	7.47678	4.93284
45	7.37727	5.06938
45	7.35548	5.25632
45	7.29171	5.42817
45	7.18099	5.5926
45	7.1265	5.79843
45	7.01025	6.00494
45	6.85405	6.26447
45	6.51008	6.68744
45	6.16812	7.25685

62	6	0
62	6.39478	0.734528
62	6.94464	1.30839
62	7.48817	1.87857
62	8.02553	2.44577
62	8.55827	3.01115
62	8.68977	3.3356
62	8.83572	3.66745
62	8.85394	3.95108
62	8.71984	4.16462
62	8.58358	4.3796
62	8.43985	4.59214
62	8.29226	4.80478
62	8.14011	5.01789
62	7.98512	5.23331
62	7.82923	5.45321
62	7.67439	5.67997
62	7.52151	5.91588
62	7.37918	6.1664
62	7.22366	6.4351
62	7.07207	6.7242
62	6.91794	7.04004
62	6.71871	7.38515
62	6.47743	8.06148
62	6.276	8.76107
62	6.10358	9.46847
62	5.98248	10.1802
62	6.06551	10.9001
62	6.1772	11.6298
62	6.45098	12.3738

30	6	0
30	6.37423	0.738201
30	6.8981	1.29116
30	7.41205	1.83803
30	7.91541	2.37891
30	8.40825	2.91406
30	8.89362	3.44475
30	8.70382	3.56526
30	8.51631	3.69801
30	8.32439	3.81764
30	8.13073	3.93653
30	7.99858	4.10406
30	7.83405	4.24958
30	7.68402	4.40786
30	7.55816	4.58531
30	7.42378	4.77029
30	7.33104	4.97539
30	7.21778	5.17431
30	7.10197	5.37927
30	6.96341	5.58215
30	6.86181	5.81709
30	6.74435	6.06386
30	6.61225	6.38425
30	6.37506	6.82621
30	6.13069	7.47226
30	5.95173	8.16607
30	6.38136	8.91132
30	6.22472	9.62182
30	6.20248	10.3423
30	6.33811	11.0734

70	6	0
70	6.13377	0.751438
70	6.72505	1.31136
70	7.30776	1.8662
70	7.87955	2.41539
70	8.43694	2.95756
70	8.97849	3.49232
70	8.8649	3.63023
70	8.86783	3.83341
70	8.75116	3.97968
70	8.6513	4.13618
70	8.53043	4.28269
70	8.48869	4.46998
70	8.37108	4.62176
70	8.2481	4.77326
70	8.13994	4.93479
70	8.01642	5.08393
70	7.89863	5.24772
70	7.7717	5.4124
70	7.64316	5.58284
70	7.53505	5.76951
70	7.41559	5.96036
70	7.31111	6.16849
70	7.13516	6.37378
70	6.94872	6.60207
70	6.74151	6.86304
70	6.4726	7.1759
70	6.13425	7.86106
70	5.84038	8.5799
70	5.89389	9.32412

81	6	0
81	6.14651	0.762054
81	6.68983	1.32406
81	7.22817	1.88309
81	7.76176	2.44004
81	8.2909	2.99567
81	8.81738	3.55132
81	8.74267	3.80089
81	8.6492	4.04112
81	8.49937	4.25019
81	8.33957	4.45382
81	8.18168	4.65973
81	8.01803	4.86368
81	7.84653	5.06337
81	7.67961	5.27019
81	7.51993	5.48686
81	7.36927	5.71577
81	7.22308	5.95661
81	7.15694	6.24299
81	6.98004	6.48808
81	6.79425	6.75304
81	6.61471	7.04659
81	6.4228	7.37526
81	6.15155	7.75064
81	5.79701	8.43418
81	6.09601	9.19974
81	5.84561	9.93465
81	5.73603	10.6822
81	5.58738	11.4306
81	5.39918	12.1792

10	6	0
10	6.38476	0.740191
10	6.9179	1.30428
10	7.44411	1.86478
10	7.96313	2.42232
10	8.47605	2.9779
10	8.98695	3.53323
10	8.78968	3.69721
10	8.6795	3.92827
10	8.49266	4.1135
10	8.30805	4.30169
10	8.12393	4.4921
10	7.94506	4.68832
10	7.79591	4.90572
10	7.63778	5.12145
10	7.48355	5.34419
10	7.33901	5.57826
10	7.20716	5.82642
10	7.08978	6.09105
10	6.88955	6.34539
10	6.72113	6.62923
10	6.5593	6.94372
10	6.38777	7.30392
10	6.16372	7.71958
10	5.99922	8.42174
10	6.44057	9.17231
10	6.25421	9.88684
10	6.25484	10.6089
10	6.31588	11.34
10	6.3696	12.0748

18	6	0
18	6.26094	0.748544
18	6.77847	1.30554
18	7.29056	1.85806
18	7.79678	2.40649
18	8.29843	2.95241
18	8.79472	3.49533
18	8.70201	3.52845
18	8.56374	3.50626
18	8.41959	3.47511
18	8.31849	3.49466
18	8.21782	3.51365
18	8.14966	3.56704
18	8.06542	3.60309
18	7.99075	3.6487
18	7.94741	3.7247
18	7.88065	3.7782
18	7.86136	3.87533
18	7.80334	3.97094
18	7.89235	4.15511
18	7.83754	4.22439
18	7.75743	4.2696
18	7.67845	4.31638
18	7.59743	4.36162
18	7.52475	4.41591
18	7.44991	4.46907
18	7.37997	4.52818
18	7.30546	4.5843
18	7.2732	4.6804
18	7.20522	4.74776

27	6	0
27	6.10709	0.746228
27	6.66618	1.32837
27	7.21932	1.90679
27	7.76616	2.48182
27	8.29374	3.04999
27	8.66169	3.51349
27	8.60569	3.78344
27	8.49898	4.02878
27	8.33061	4.23191
27	8.13804	4.42335
27	7.94594	4.61885
27	7.78411	4.83561
27	7.63463	5.06489
27	7.45224	5.28833
27	7.27473	5.52745
27	7.10971	5.78967
27	6.92908	6.07538
27	6.53133	6.49934
27	6.08933	7.02799
27	5.71197	7.68519
27	5.87476	8.43109
27	5.84511	9.16803
27	5.74459	9.90201
27	5.694	10.6419
27	5.59384	11.3815
27	5.50174	12.1232
27	5.39102	12.8657
27	5.00142	13.5993
27	4.60202	14.3313

73	6	0
73	6.36194	0.756776
73	6.90323	1.31835
73	7.42448	1.86608
73	7.9195	2.39622
73	8.38957	2.91032
73	8.84555	3.41613
73	8.6989	3.5756
73	8.55219	3.73573
73	8.42962	3.89973
73	8.28256	4.04728
73	8.12004	4.18432
73	7.99381	4.34943
73	7.83506	4.49391
73	7.6775	4.6423
73	7.54544	4.81219
73	7.44738	5.00814
73	7.33842	5.20511
73	7.22507	5.40945
73	7.09108	5.61734
73	6.98838	5.85853
73	6.8474	6.11633
73	6.4822	6.51163
73	6.08977	7.02659
73	5.82201	7.69175
73	6.09713	8.43471
73	5.85774	9.13849
73	6.01938	9.87121
73	5.85568	10.5889
73	5.90063	11.3183

67	6	0
67	6.10974	0.755346
67	6.68536	1.30352
67	7.24698	1.84233
67	7.79075	2.37035
67	8.31071	2.88481
67	8.80121	3.3832
67	8.67427	3.47512
67	8.53617	3.55919
67	8.40145	3.64601
67	8.30569	3.75988
67	8.19824	3.86692
67	8.0874	3.97265
67	7.97626	4.07926
67	7.90734	4.21313
67	7.81433	4.33454
67	7.71321	4.45307
67	7.64286	4.59195
67	7.537	4.71343
67	7.4311	4.83851
67	7.31365	4.96136
67	7.24969	5.11804
67	7.16109	5.26858
67	7.09298	5.43655
67	6.99012	5.59832
67	6.91491	5.78407
67	6.81764	5.97723
67	6.70303	6.18724
67	6.33828	6.61013
67	5.9588	7.18365

40	6	0
40	6.31051	0.746914
40	6.84743	1.26243
40	7.37659	1.77465
40	7.89727	2.28419
40	8.4083	2.79116
40	8.90883	3.29553
40	8.73866	3.4236
40	8.55838	3.55655
40	8.48326	3.74491
40	8.36625	3.92493
40	8.19847	4.06224
40	8.02453	4.20657
40	7.96217	4.40898
40	7.80707	4.5637
40	7.6394	4.71379
40	7.51354	4.89356
40	7.37572	5.07247
40	7.26861	5.2749
40	7.12195	5.46764
40	7.08271	5.71569
40	6.95966	5.93714
40	6.88406	6.19041
40	6.63322	6.43521
40	6.40658	6.73724
40	6.169	7.09906
40	5.93774	7.80598
40	6.28046	8.56402
40	6.06077	9.29244
40	5.88719	10.0293

95	6	0
95	6.15911	0.74355
95	6.73971	1.31046
95	7.31512	1.87365
95	7.88457	2.43297
95	8.44766	2.98812
95	9.00425	3.53806
95	8.84589	3.66381
95	8.97433	3.93979
95	8.94033	4.14031
95	8.87151	4.32488
95	8.77886	4.49855
95	8.70294	4.6827
95	8.59421	4.85221
95	8.47736	5.02046
95	8.35772	5.18953
95	8.23006	5.35979
95	8.10241	5.51956
95	7.97618	5.70139
95	7.84603	5.89092
95	7.71355	6.09127
95	7.55838	6.29542
95	7.39493	6.5173
95	7.21787	6.76287
95	7.01617	7.0426
95	6.55651	7.5406
95	6.12598	8.11666
95	5.80263	8.81886
95	5.9018	9.5611
95	5.84606	10.2967

33	6	0
33	6.25867	0.759251
33	6.78181	1.30487
33	7.30154	1.84792
33	7.81743	2.3888
33	8.32933	2.92799
33	8.83673	3.46537
33	8.8827	3.59818
33	8.94654	3.76207
33	8.82022	3.76464
33	8.70302	3.77688
33	8.58777	3.79117
33	8.51396	3.84586
33	8.41985	3.88118
33	8.3214	3.91213
33	8.21774	3.93789
33	8.10893	3.95855
33	7.99457	3.97374
33	7.86101	3.93436
33	7.75819	3.96121
33	7.63762	3.97038
33	7.47596	3.89321
33	7.36751	3.91371
33	7.1977	3.81903
33	6.99972	3.68228
33	6.90247	3.68642
33	6.69216	3.5172
33	6.5413	3.4325
33	6.22497	3.07107
33	5.69304	2.37792

97	6	0
97	6.12787	0.753334
97	6.718	1.29375
97	7.30017	1.82891
97	7.87166	2.35783
97	8.42944	2.87915
97	8.97113	3.39172
97	8.89281	3.45393
97	8.91276	3.58435
97	8.8121	3.64578
97	8.72104	3.71421
97	8.63687	3.78785
97	8.54979	3.86049
97	8.46931	3.9382
97	8.38961	4.01736
97	8.3083	4.09658
97	8.22664	4.17674
97	8.16686	4.27102
97	8.0902	4.35687
97	8.0245	4.45062
97	7.95173	4.54202
97	7.88577	4.63918
97	7.81427	4.73531
97	7.74029	4.83253
97	7.67016	4.93458
97	7.60326	5.04137
97	7.53634	5.15151
97	7.4646	5.26317
97	7.40239	5.38416
97	7.33985	5.50974

79	6	0
79	6.31918	0.757895
79	6.82279	1.30229
79	7.31994	1.84164
79	7.81045	2.3764
79	8.29694	2.90885
79	8.78034	3.43943
79	8.66819	3.48256
79	8.51837	3.48079
79	8.35942	3.46596
79	8.21355	3.46555
79	8.08479	3.48436
79	7.96496	3.51226
79	7.85416	3.54922
79	7.74865	3.59107
79	7.64848	3.6379
79	7.55211	3.68813
79	7.46034	3.74268
79	7.35756	3.7853
79	7.26742	3.84065
79	7.16384	3.88159
79	7.05073	3.91122
79	6.93622	3.938
79	6.8178	3.95868
79	6.70532	3.98437
79	6.5559	3.9612
79	6.38096	3.89846
79	6.182	3.79298
79	5.94023	3.60977
79	6.51959	4.42008

29	6	0
29	6.27976	0.769762
29	6.797	1.34619
29	7.30561	1.91729
29	7.81181	2.49182
29	8.3087	3.06113
29	8.64594	3.52495
29	8.68916	3.83844
29	8.59942	4.09124
29	8.40912	4.27828
29	8.20905	4.46228
29	8.0059	4.64897
29	7.81361	4.84777
29	7.61655	5.05275
29	7.42836	5.27364
29	7.25857	5.51794
29	7.08618	5.78311
29	6.91113	6.07983
29	6.6899	6.4114
29	6.28349	6.88998
29	5.87681	7.47849
29	6.24021	8.24777
29	5.90552	8.97545
29	5.90344	9.73154
29	5.88102	10.4877
29	5.81478	11.2442
29	5.70455	12.0016
29	5.58884	12.7605
29	5.19722	13.5012
29	4.8269	14.2443

9	6	0
9	6.24288	0.765462
9	6.75698	1.31388
9	7.26412	1.85769
9	7.76435	2.39757
9	8.25823	2.93436
9	8.74863	3.46987
9	8.69638	3.70777
9	8.61082	3.91896
9	8.49627	4.11262
9	8.34768	4.28384
9	8.17557	4.43868
9	8.05848	4.63371
9	7.89548	4.80019
9	7.77082	4.99578
9	7.61583	5.17569
9	7.50398	5.38795
9	7.38415	5.60179
9	7.28775	5.8368
9	7.16668	6.06949
9	6.95602	6.25796
9	6.78808	6.47952
9	6.63376	6.72711
9	6.47186	7.00118
9	6.23456	7.29299
9	5.83053	7.88642
9	6.15994	8.65245
9	5.8542	9.37715
9	5.82862	10.1259
9	5.73589	10.8731

43	6	0
43	6.30078	0.745314
43	6.86355	1.28385
43	7.41035	1.81124
43	7.93863	2.32663
43	8.44631	2.82935
43	8.93702	3.32236
43	8.83911	3.47472
43	8.82352	3.68223
43	8.70092	3.83493
43	8.57451	3.9866
43	8.44437	4.13751
43	8.36259	4.31703
43	8.24179	4.477
43	8.11896	4.63796
43	7.99334	4.79994
43	7.86687	4.96452
43	7.74193	5.13353
43	7.62033	5.30855
43	7.50371	5.49114
43	7.39355	5.68288
43	7.29113	5.88543
43	7.19741	6.10058
43	7.04259	6.32837
43	6.89165	6.57606
43	6.73201	6.84648
43	6.29451	7.31521
43	5.88811	7.88666
43	6.20092	8.63464
43	5.88884	9.33108

59	6	0
59	6.41564	0.763063
59	6.98377	1.32018
59	7.53815	1.86836
59	8.07312	2.40433
59	8.58021	2.92295
59	9.05308	3.42049
59	8.79384	3.52154
59	8.65599	3.7024
59	8.5071	3.87787
59	8.35408	4.05239
59	8.19319	4.22401
59	8.0355	4.4001
59	7.87997	4.58067
59	7.73053	4.76881
59	7.58622	4.96503
59	7.45508	5.17479
59	7.34042	5.40101
59	7.2121	5.6333
59	7.09293	5.88637
59	6.96824	6.16323
59	6.63005	6.51194
59	6.177	7.02557
59	5.85932	7.69223
59	6.14949	8.43547
59	5.87089	9.14083
59	6.04332	9.87201
59	5.84697	10.5869
59	5.89991	11.3144
59	6.0012	12.0433

83	6	0
83	6.32596	0.75855
83	6.82969	1.31252
83	7.32493	1.86019
83	7.8124	2.40282
83	8.29197	2.94092
83	8.76345	3.47478
83	8.66814	3.60054
83	8.529	3.686
83	8.41004	3.79018
83	8.27079	3.87496
83	8.11618	3.94406
83	7.95891	4.01013
83	7.80361	4.0781
83	7.65157	4.14948
83	7.50395	4.22566
83	7.3619	4.30801
83	7.3028	4.46185
83	7.18975	4.57571
83	7.05982	4.67755
83	6.92566	4.77884
83	6.79254	4.88502
83	6.65536	4.99263
83	6.51156	5.10065
83	6.43379	5.26681
83	6.2598	5.37223
83	6.07081	5.47859
83	5.89714	5.61171
83	5.9435	6.33011
83	6.36449	7.09378

74	6	0
74	6.25388	0.749532
74	6.77809	1.3168
74	7.29547	1.87922
74	7.80529	2.43681
74	8.30699	2.98939
74	8.73206	3.49996
74	8.66831	3.71922
74	8.54623	3.89968
74	8.40807	4.06383
74	8.26565	4.22526
74	8.11887	4.38431
74	8.00228	4.56716
74	7.90021	4.76475
74	7.78339	4.95097
74	7.6522	5.13057
74	7.53261	5.32273
74	7.43957	5.53575
74	7.31592	5.73669
74	7.2138	5.95243
74	7.12478	6.19122
74	6.97156	6.40112
74	6.80628	6.62794
74	6.64062	6.88047
74	6.44305	7.16799
74	6.18589	7.49602
74	5.82852	8.12729
74	6.23159	8.88589
74	5.98283	9.5998
74	6.08303	10.3346

17	6	0
17	6.33934	0.750839
17	6.88515	1.30889
17	7.42145	1.8615
17	7.94896	2.40992
17	8.46888	2.95538
17	8.98583	3.50072
17	8.8331	3.73181
17	8.70986	3.97865
17	8.53841	4.20224
17	8.36199	4.42512
17	8.18163	4.6484
17	8.01684	4.88279
17	7.86625	5.12774
17	7.70243	5.37105
17	7.53457	5.61877
17	7.36898	5.87565
17	7.20505	6.14418
17	7.01841	6.43549
17	6.85677	6.74991
17	6.66602	7.08852
17	6.44324	7.4658
17	6.07768	7.9221
17	5.65241	8.44834
17	5.4957	9.18091
17	5.79147	9.92919
17	5.92253	10.6653
17	6.04395	11.4015
17	5.83992	12.1304
17	6.00503	12.8706

52	6	0
52	6.27456	0.757988
52	6.79987	1.31963
52	7.31879	1.87682
52	7.83139	2.43007
52	8.33862	2.98017
52	8.83758	3.5335
52	8.7205	3.73424
52	8.58177	3.91926
52	8.43589	4.10601
52	8.32294	4.30969
52	8.14719	4.47007
52	8.00778	4.65758
52	7.86269	4.84876
52	7.76067	5.0657
52	7.59946	5.24888
52	7.4516	5.44663
52	7.32881	5.6656
52	7.28123	5.9325
52	7.1437	6.1643
52	6.96176	6.36824
52	6.77969	6.59339
52	6.61178	6.84852
52	6.43611	7.13754
52	6.18137	7.4641
52	5.80481	8.08199
52	6.21385	8.84613
52	5.96203	9.57015
52	6.02834	10.3136
52	6.08335	11.0583

82	6	0
82	6.31174	0.759652
82	6.80848	1.3074
82	7.30169	1.85291
82	7.7925	2.39769
82	8.28249	2.94333
82	8.77369	3.49147
82	8.74168	3.70301
82	8.69293	3.9028
82	8.58805	4.06467
82	8.45645	4.20624
82	8.40898	4.40759
82	8.28492	4.55726
82	8.17136	4.71662
82	8.03451	4.86032
82	7.92689	5.02862
82	7.79444	5.18229
82	7.6748	5.34955
82	7.54471	5.51506
82	7.45594	5.71384
82	7.33971	5.90372
82	7.24086	6.11413
82	7.09003	6.30339
82	6.93769	6.51113
82	6.7759	6.74072
82	6.59557	6.99934
82	6.18473	7.48318
82	5.84116	8.09515
82	6.19433	8.85399
82	5.95751	9.5631

64	6	0
64	6.34283	0.749401
64	6.94018	1.30265
64	7.52714	1.8489
64	8.05249	2.34331
64	8.5392	2.80927
64	9.05038	3.30458
64	8.87407	3.35907
64	8.84908	3.49638
64	8.86664	3.65722
64	8.82013	3.78442
64	8.76858	3.91347
64	8.67841	4.02282
64	8.57484	4.12617
64	8.48745	4.2403
64	8.37854	4.34466
64	8.27917	4.45665
64	8.16622	4.56432
64	8.07168	4.68489
64	7.9606	4.80118
64	7.87166	4.93292
64	7.79626	5.07616
64	7.68969	5.21244
64	7.61931	5.35292
64	7.4987	5.50327
64	7.43388	5.65732
64	7.3036	5.83694
64	7.26067	6.01574
64	7.07366	6.26811
64	6.70823	6.68032

46	6	0
46	6.16601	0.756678
46	6.69606	1.31664
46	7.22164	1.87385
46	7.7432	2.42931
46	8.26086	2.9836
46	8.77593	3.53767
46	8.66662	3.74056
46	8.75898	4.05243
46	8.57211	4.22101
46	8.38372	4.3892
46	8.2593	4.60054
46	8.09389	4.78767
46	7.93759	4.98372
46	7.78119	5.18323
46	7.6268	5.3891
46	7.48752	5.61028
46	7.36041	5.84629
46	7.2461	6.09925
46	7.03092	6.30327
46	6.84493	6.53758
46	6.65588	6.79648
46	6.45419	7.08751
46	6.16908	7.41188
46	5.75809	8.03095
46	6.09599	8.79368
46	5.788	9.51396
46	5.73338	10.2553
46	5.60751	10.9948
46	5.44544	11.7346

34	6	0
34	6.44774	0.756428
34	7.00972	1.36071
34	7.56268	1.95879
34	8.10395	2.54938
34	8.58033	3.10206
34	8.73662	3.4533
34	8.81407	3.76492
34	8.81376	4.03961
34	8.79107	4.30384
34	8.71044	4.53918
34	8.60223	4.75094
34	8.45336	4.94689
34	8.27592	5.13844
34	8.10258	5.342
34	7.9048	5.55601
34	7.74806	5.7974
34	7.53285	6.06642
34	7.27459	6.41479
34	6.91402	6.85456
34	6.54754	7.35836
34	6.29883	8.00218
34	6.16104	8.70191
34	6.05362	9.41473
34	5.97436	10.1332
34	6.0203	10.8605
34	6.12678	11.5958
34	6.29618	12.3372
34	6.6534	13.0937
34	6.54013	13.8176

26	6	0
26	6.24484	0.755376
26	6.82052	1.33778
26	7.38874	1.91601
26	7.94722	2.48927
26	8.49258	3.056
26	8.6918	3.41556
26	8.74019	3.70689
26	8.65754	3.94465
26	8.51454	4.15206
26	8.34676	4.34717
26	8.17327	4.54177
26	8.01193	4.7468
26	7.84109	4.95134
26	7.67879	5.1664
26	7.51054	5.38686
26	7.35174	5.62255
26	7.20258	5.87685
26	7.05661	6.15304
26	6.89959	6.42486
26	6.53109	6.86987
26	6.16305	7.47864
26	5.90329	8.16849
26	6.06134	8.91376
26	5.82264	9.62628
26	5.80778	10.361
26	5.6517	11.0872
26	5.6254	11.8235
26	5.61332	12.5619
26	5.3051	13.2743

21	6	0
21	6.3511	0.762878
21	6.92799	1.33242
21	7.49567	1.89567
21	8.05089	2.45095
21	8.58796	2.99461
21	9.1024	3.52372
21	8.92603	3.57607
21	9.00157	3.79098
21	8.83083	3.85119
21	8.78258	3.99952
21	8.7043	4.13018
21	8.60687	4.24314
21	8.60026	4.41756
21	8.51461	4.54785
21	8.42304	4.67632
21	8.31822	4.79888
21	8.22742	4.93219
21	8.12329	5.06089
21	8.01566	5.19128
21	7.90393	5.32439
21	7.80823	5.47163
21	7.70282	5.62062
21	7.59986	5.77965
21	7.52551	5.96046
21	7.44746	6.15039
21	7.28759	6.33572
21	7.11717	6.54684
21	6.91206	6.80439
21	6.52457	7.35896

22	6	0
22	6.23068	0.750282
22	6.72836	1.31986
22	7.22011	1.89449
22	7.70409	2.46403
22	8.18365	3.03066
22	8.54322	3.51468
22	8.57153	3.82157
22	8.44446	4.04486
22	8.2832	4.24356
22	8.08939	4.39278
22	7.88965	4.53799
22	7.69339	4.68841
22	7.51226	4.85475
22	7.38152	5.08417
22	7.2999	5.34562
22	7.21883	5.61212
22	7.13427	5.88386
22	7.0335	6.15699
22	6.86434	6.38573
22	6.69087	6.63412
22	6.30916	7.06364
22	5.90571	7.58624
22	6.33401	8.34491
22	6.03319	9.03194
22	5.94591	9.75569
22	6.16496	10.5
22	6.37226	11.2448
22	6.72168	11.9997
22	7.08921	12.7578

78	6	0
78	6.29381	0.765762
78	6.79311	1.32239
78	7.28604	1.87472
78	7.77297	2.42362
78	8.2538	2.96947
78	8.72832	3.51219
78	8.61889	3.68505
78	8.43964	3.78068
78	8.25441	3.86971
78	8.13811	4.02277
78	7.98222	4.14212
78	7.88765	4.31336
78	7.74037	4.46337
78	7.6655	4.65231
78	7.55009	4.8158
78	7.402	4.95846
78	7.29734	5.14017
78	7.15498	5.30327
78	7.04821	5.50196
78	6.98287	5.73863
78	6.86876	5.96894
78	6.82173	6.23122
78	6.59541	6.38715
78	6.22462	6.83917
78	5.85541	7.46098
78	6.29373	8.2302
78	5.99228	8.94659
78	6.31048	9.70824
78	6.16837	10.4488

7	6	0
7	6.40888	0.75283
7	6.9729	1.35555
7	7.52864	1.95288
7	8.07402	2.54413
7	8.59081	3.12287
7	8.77599	3.50388
7	8.76378	3.79503
7	8.68765	4.05623
7	8.57671	4.29937
7	8.41801	4.49493
7	8.24347	4.68214
7	8.07445	4.87716
7	7.89617	5.07195
7	7.71785	5.27514
7	7.5413	5.49138
7	7.36488	5.72524
7	7.19733	5.98796
7	7.01944	6.28791
7	6.64823	6.70954
7	6.259	7.22133
7	6.00344	7.87908
7	5.82849	8.57875
7	6.0916	9.31189
7	5.93148	10.0222
7	6.00273	10.7481
7	5.97556	11.4757
7	6.16328	12.2097
7	6.20201	12.9468
7	6.48383	13.6999

68	6	0
68	6.31095	0.750415
68	6.89334	1.3366
68	7.46609	1.91763
68	8.02623	2.49231
68	8.57041	3.05912
68	8.67933	3.40066
68	8.76444	3.73406
68	8.7653	4.03886
68	8.62831	4.28772
68	8.47246	4.52806
68	8.28966	4.75473
68	8.10145	4.98028
68	7.90429	5.20286
68	8.40976	5.74693
68	8.15586	5.93669
68	7.90507	6.13328
68	7.64901	6.33929
68	7.3995	6.55925
68	7.15696	6.79482
68	6.92581	7.05068
68	7.02651	7.4819
68	6.78267	7.76211
68	6.55487	8.07834
68	6.33926	8.43791
68	6.11729	8.85331
68	5.82061	9.35625
68	5.59583	10.0655
68	5.32924	10.762
68	5.05277	11.4654

58	6	0
58	6.3826	0.762769
58	6.92406	1.26892
58	7.45406	1.76863
58	7.97054	2.26161
58	8.47101	2.74717
58	8.958	3.2278
58	8.86443	3.33188
58	8.72765	3.40605
58	8.58369	3.47522
58	8.51901	3.59966
58	8.42158	3.7051
58	8.30252	3.79712
58	8.25573	3.93596
58	8.14641	4.03875
58	8.04695	4.15604
58	7.98675	4.29338
58	7.88191	4.40677
58	7.79254	4.53271
58	7.67928	4.6474
58	7.56896	4.76787
58	7.45751	4.89238
58	7.42806	5.06594
58	7.34722	5.22145
58	7.24883	5.37701
58	7.15668	5.54715
58	7.05364	5.72793
58	7.0039	5.94957
58	6.90131	6.18436
58	6.56859	6.63928

14	6	0
14	6.31576	0.767162
14	6.82836	1.34355
14	7.32701	1.91127
14	7.81165	2.4705
14	8.28563	3.02364
14	8.49228	3.41035
14	8.5703	3.73363
14	8.75546	4.10851
14	8.63489	4.33308
14	8.48447	4.53869
14	8.32292	4.73771
14	8.15541	4.93419
14	7.98507	5.13095
14	7.80148	5.33088
14	7.61977	5.53913
14	7.43697	5.75599
14	7.26134	5.98744
14	7.09369	6.23723
14	6.89982	6.50137
14	6.71393	6.79422
14	6.52099	7.12028
14	6.30412	7.48794
14	6.04956	7.91798
14	5.8133	8.63447
14	6.17492	9.40175
14	6.09951	10.1497
14	5.75981	10.8834
14	5.40639	11.6206
14	5.06119	12.3593

87	6	0
87	6.26031	0.754515
87	6.85819	1.33247
87	7.45063	1.90721
87	8.03627	2.47833
87	8.61247	3.0445
87	8.89114	3.39596
87	8.95428	3.63107
87	8.9588	3.83969
87	8.86328	3.99687
87	8.72598	4.11963
87	8.66281	4.29724
87	8.53493	4.42928
87	8.43271	4.58727
87	8.30152	4.71975
87	8.18866	4.87529
87	8.05554	5.00987
87	7.94735	5.17348
87	7.82032	5.31665
87	7.71753	5.49092
87	7.59671	5.66151
87	7.46914	5.83629
87	7.40477	6.04811
87	7.26299	6.24824
87	7.10479	6.46454
87	6.95307	6.70278
87	6.77968	6.97393
87	6.4438	7.61447
87	6.18386	8.30398
87	5.94454	9.00751

54	6	0
54	6.3846	0.768086
54	6.89825	1.33235
54	7.40624	1.89303
54	7.90983	2.45154
54	8.41159	3.00981
54	8.69467	3.4272
54	8.72232	3.71893
54	8.80305	4.05374
54	8.6724	4.29114
54	8.54296	4.52931
54	8.39133	4.75438
54	8.22832	4.97326
54	8.05945	5.19021
54	7.8896	5.40642
54	7.72401	5.6308
54	7.56648	5.86716
54	7.42018	6.1191
54	7.2326	6.35941
54	7.07719	6.62629
54	6.91713	6.91209
54	6.74893	7.22285
54	6.50282	7.55192
54	6.08151	8.13379
54	5.78773	8.83962
54	6.04666	9.59681
54	5.94401	10.3342
54	5.88585	11.0772
54	5.78251	11.8202
54	5.67769	12.5657

23	6	0
23	6.31771	0.755266
23	6.87097	1.30756
23	7.4091	1.85087
23	7.93071	2.38545
23	8.43843	2.91384
23	8.9388	3.44024
23	8.75931	3.63059
23	8.66921	3.88266
23	8.54425	4.11985
23	8.39626	4.34727
23	8.23395	4.56947
23	8.05866	4.78757
23	7.90785	5.02186
23	7.74416	5.25392
23	7.5801	5.49121
23	7.42153	5.73799
23	7.27179	5.99751
23	7.13289	6.273
23	6.94262	6.5646
23	6.75208	6.88189
23	6.50777	7.21575
23	6.0582	7.79152
23	5.73571	8.48731
23	6.02276	9.24199
23	5.76152	9.96602
23	5.89496	10.7115
23	5.99619	11.4539
23	6.13401	12.1999
23	5.89417	12.9403

