16	2	0
16	2.68554	0.571823
16	3.43738	1.14857
16	4.18713	1.7163
16	4.93241	2.24664
16	5.67667	2.75204
16	6.41818	3.20519
16	7.13033	3.64066
16	7.86898	2.93602
16	7.92595	2.44233
16	7.721	2.75481
16	7.54771	2.99112
16	7.38965	3.19334
16	7.75781	3.48127
16	7.60929	3.5749
16	7.55395	3.61712
16	7.49236	3.74065
16	7.28741	4.00008
16	7.0876	4.24159
16	6.88812	4.49851
16	6.89726	4.55156
16	6.76418	4.73201
16	6.54449	5.03178
16	6.32449	5.36514
16	6.09252	5.73335
16	5.81477	6.1497
16	4.98055	6.89303
16	4.22258	7.64423
16	3.43633	8.40442
16	2.78043	9.17587

81	2	0
81	2.64911	0.559799
81	3.41232	1.12278
81	4.17393	1.65947
81	4.9328	2.11397
81	5.69	2.5987
81	6.44571	3.02681
81	7.17238	3.42977
81	7.90768	2.77129
81	7.90802	2.81551
81	7.77912	3.04011
81	7.77028	3.23158
81	7.64444	3.43065
81	7.47966	3.64734
81	7.29633	3.87335
81	7.09934	4.118
81	6.89302	4.38333
81	6.67883	4.67255
81	6.5288	4.91263
81	6.37248	5.18364
81	6.14013	5.52117
81	5.85946	5.91286
81	5.54303	6.34265
81	4.70471	7.08717
81	3.9259	7.84151
81	3.2705	8.61099
81	2.61292	9.38306
81	1.95367	10.1573
81	1.29281	10.9332
81	0.628858	11.7098

32	2	0
32	2.68442	0.572078
32	3.42632	1.14357
32	4.16689	1.68981
32	4.90636	2.15477
32	5.64357	2.65372
32	6.38031	3.10164
32	7.08838	3.51804
32	7.82552	2.88115
32	7.83692	2.47732
32	7.5487	2.83917
32	7.32085	3.14004
32	7.67845	3.48319
32	7.45683	3.61483
32	7.27093	3.82051
32	7.0898	4.04506
32	6.95765	4.24078
32	6.75915	4.49386
32	6.6371	4.72449
32	6.5213	4.93757
32	6.32367	5.21632
32	6.09343	5.54964
32	5.82799	5.93401
32	5.54478	6.35772
32	4.71209	7.10137
32	3.95044	7.8537
32	3.29009	8.62144
32	2.62799	9.39154
32	1.96456	10.1637
32	1.29987	10.9374

95	2	0
95	2.71273	0.591612
95	3.47316	1.17245
95	4.23094	1.73883
95	4.98312	2.2274
95	5.73387	2.64069
95	6.478	3.13287
95	7.18883	3.60966
95	7.91258	2.94639
95	8.02605	2.50732
95	7.85544	2.89439
95	7.6826	3.18661
95	7.89513	3.47461
95	7.75083	3.51888
95	7.542	3.81961
95	7.52628	3.69911
95	7.33328	4.04363
95	7.13548	4.30727
95	7.15151	4.26308
95	6.94023	4.577
95	6.73962	4.8758
95	6.54557	5.19111
95	6.32398	5.54934
95	6.08365	5.95288
95	5.83549	6.39327
95	5.00497	7.12281
95	4.25376	7.86362
95	3.43602	8.62026
95	2.78275	9.38141
95	2.12309	10.145

83	2	0
83	2.74269	0.544263
83	3.41513	0.998817
83	4.12121	1.50367
83	4.86061	2.06837
83	5.59896	2.63565
83	6.33761	3.2117
83	6.8684	3.61009
83	6.72784	3.65541
83	6.80126	3.98013
83	6.62361	4.08528
83	6.46714	4.1605
83	6.32299	4.21736
83	6.1934	4.25669
83	6.0783	4.2816
83	5.97698	4.29575
83	5.88918	4.30232
83	6.12054	4.56532
83	5.94499	4.71093
83	5.78848	4.82035
83	5.64413	4.90642
83	5.5087	4.97518
83	5.38033	5.0299
83	5.33302	5.02485
83	5.61445	5.2518
83	5.26703	5.69353
83	5.10447	5.81824
83	5.05627	5.82261
83	4.87815	5.97672
83	4.65141	6.22683

45	2	0
45	2.74152	0.513036
45	3.42003	0.933406
45	4.13125	1.4134
45	4.87452	1.96299
45	5.617	2.51607
45	6.35944	3.07897
45	6.9749	3.51756
45	6.92554	3.82058
45	6.78705	3.77779
45	6.65739	3.73063
45	6.66323	4.08271
45	6.51261	4.08778
45	6.38728	4.04649
45	6.2849	3.96986
45	6.45456	4.24988
45	6.51692	4.58836
45	6.33141	4.67969
45	6.17808	4.70955
45	6.04739	4.69551
45	6.02739	4.99445
45	5.89015	4.98909
45	5.87131	5.2632
45	5.76025	5.21075
45	5.81266	5.44309
45	5.67464	5.74565
45	5.60799	5.98409
45	5.46559	6.24075
45	4.79601	6.94009
45	4.11367	7.61947

79	2	0
79	2.73413	0.544697
79	3.42943	1.04457
79	4.1368	1.56406
79	4.86417	2.12298
79	5.5904	2.68389
79	6.31689	3.25306
79	6.85466	3.65367
79	6.74821	3.69234
79	6.63245	3.73697
79	6.5187	3.77678
79	6.41455	3.80395
79	6.3216	3.81782
79	6.23917	3.82106
79	6.16787	3.81535
79	6.10765	3.80352
79	6.05911	3.78782
79	6.02254	3.77082
79	5.93108	3.82979
79	5.91679	3.80889
79	5.83525	4.11015
79	5.74296	4.18373
79	5.65362	4.25275
79	5.56691	4.31972
79	5.48155	4.38384
79	5.50905	4.36115
79	5.58387	4.36163
79	5.71534	4.40305
79	5.90197	4.489
79	6.09303	4.56815

49	2	0
49	2.73428	0.511579
49	3.42966	0.973907
49	4.13838	1.46055
49	4.86733	1.99296
49	5.59562	2.52828
49	6.32405	3.07227
49	6.92334	3.48676
49	6.80481	3.43294
49	6.88713	3.71596
49	6.72492	3.75498
49	6.64495	4.0445
49	6.49602	4.06789
49	6.43759	4.31933
49	6.29529	4.33625
49	6.31114	4.61952
49	6.15616	4.66717
49	6.07978	4.90693
49	5.93597	4.92615
49	5.9227	5.17498
49	5.84777	5.44092
49	5.68647	5.46686
49	5.61636	5.69275
49	5.52823	5.91022
49	5.41125	6.12423
49	4.79379	6.80709
49	4.161	7.48832
49	3.52355	8.15331
49	3.02768	8.77681
49	3.20527	9.45081

74	2	0
74	2.67295	0.5496
74	3.42768	1.09872
74	4.18085	1.63693
74	4.93089	2.12491
74	5.68075	2.57922
74	6.42936	2.95855
74	7.17402	2.77679
74	7.90595	2.15091
74	7.70462	2.4533
74	7.51725	2.72152
74	7.33223	2.97592
74	7.26286	3.06098
74	7.34539	3.37678
74	7.43444	3.42394
74	7.25023	3.66094
74	7.04137	3.9189
74	6.96429	4.05012
74	6.80073	4.27856
74	6.58968	4.56057
74	6.50825	4.76742
74	6.32211	5.03589
74	6.06184	5.3785
74	5.7702	5.7662
74	5.44825	6.19059
74	4.61313	6.93821
74	3.86189	7.69348
74	3.21174	8.46247
74	2.55968	9.23385
74	1.9061	10.0074

6	2	0
6	2.74039	0.530168
6	3.45437	1.03123
6	4.17642	1.54662
6	4.91256	2.09368
6	5.64775	2.64243
6	6.38253	3.19802
6	7.02495	3.65891
6	6.92842	3.64056
6	6.78856	3.68907
6	6.85016	3.88831
6	6.70838	3.95527
6	6.80976	4.22941
6	6.62119	4.38531
6	6.58246	4.63686
6	6.41168	4.76395
6	6.25431	4.86682
6	6.10614	4.95086
6	6.18774	5.18322
6	6.07131	5.50563
6	5.94196	5.53537
6	5.86836	5.78507
6	5.74361	6.05285
6	5.08836	6.73873
6	4.44274	7.41149
6	3.80195	8.08535
6	3.24242	8.69116
6	2.67828	9.29503
6	2.1114	9.9006
6	1.54201	10.505

21	2	0
21	2.68667	0.580821
21	3.43883	1.14929
21	4.18925	1.70052
21	4.93727	2.14889
21	5.68075	2.65604
21	6.42131	3.10657
21	7.13376	3.50661
21	7.86165	2.87105
21	7.80051	2.41433
21	7.54269	2.76968
21	7.4177	2.92305
21	7.24831	3.16437
21	7.80745	3.18658
21	7.68924	3.18826
21	7.57924	3.36401
21	7.39762	3.58674
21	7.36316	3.57684
21	7.17524	3.84859
21	7.15347	3.8868
21	6.93253	4.17198
21	6.88677	4.27636
21	6.69419	4.52576
21	6.64507	4.67238
21	6.59204	4.75975
21	6.40224	5.02355
21	6.13561	5.39147
21	5.84249	5.8089
21	5.53053	6.26361
21	4.69293	7.00847

56	2	0
56	2.73139	0.551551
56	2.77995	0.540432
56	3.49504	1.08006
56	4.2143	1.62685
56	4.94351	2.19562
56	5.67154	2.7659
56	6.39904	3.3429
56	6.34625	3.50021
56	6.30445	3.69502
56	6.254	3.90259
56	6.36138	4.21387
56	6.24661	4.4998
56	6.1217	4.79199
56	5.98595	5.08107
56	5.84182	5.36419
56	5.69177	5.63708
56	5.53874	5.898
56	5.38497	6.14609
56	4.70332	6.85061
56	4.06396	7.54079
56	3.41235	8.23603
56	2.84696	8.85917
56	2.27759	9.48048
56	1.70569	10.1038
56	2.28534	10.8332
56	1.76649	11.4466
56	2.14811	12.147
56	1.61975	12.7548
56	1.29777	13.4002

23	2	0
23	2.6691	0.595997
23	3.42426	1.18425
23	4.17763	1.76081
23	4.92677	2.28276
23	5.67529	2.7639
23	6.41869	3.25088
23	7.12992	3.72542
23	7.83982	3.02526
23	7.77774	3.22762
23	7.63282	3.4366
23	7.46191	3.65406
23	7.27615	3.88544
23	7.15788	4.00596
23	7.03352	4.19755
23	6.84678	4.46703
23	6.65592	4.75066
23	6.46614	5.05175
23	6.27679	5.37379
23	6.08535	5.7199
23	5.84993	6.11058
23	5.01854	6.85644
23	4.24465	7.61228
23	3.44915	8.37749
23	2.79743	9.15537
23	2.14362	9.93535
23	1.48844	10.7173
23	0.82718	11.5027
23	0.163379	12.289
23	-0.50397	13.0735

22	2	0
22	2.72059	0.475724
22	3.36463	0.833689
22	4.0601	1.28098
22	4.79886	1.81437
22	5.53716	2.35037
22	6.27612	2.89432
22	7.01505	3.45099
22	7.04291	3.70722
22	6.92292	4.03416
22	6.75873	4.39163
22	6.56742	4.76255
22	6.34477	4.84223
22	6.15799	4.85674
22	5.99746	4.82229
22	6.0457	5.00297
22	6.03328	5.20887
22	5.94347	5.43949
22	5.85298	5.65523
22	5.66544	5.91082
22	5.63064	6.05152
22	4.96469	6.7472
22	4.29088	7.45073
22	3.61394	8.14247
22	4.12475	8.86138
22	3.42526	9.5559
22	3.35177	10.2192
22	2.86333	10.8007
22	2.53073	11.4123
22	2.20086	12.0237

41	2	0
41	2.72707	0.49779
41	3.42852	0.963796
41	4.13949	1.44831
41	4.86647	1.97284
41	5.59296	2.5004
41	6.31946	3.03658
41	6.98054	3.51287
41	7.07845	3.80245
41	6.91254	4.19067
41	6.71624	4.59928
41	6.49386	4.66669
41	6.30611	4.65203
41	6.24325	4.9158
41	6.14782	5.18343
41	5.98849	5.45506
41	5.82561	5.70443
41	5.65333	5.90499
41	5.48829	6.06711
41	4.82605	6.75962
41	4.14484	7.44476
41	3.46253	8.13131
41	2.9003	8.72173
41	2.33487	9.3149
41	1.90303	9.9085
41	1.50701	10.5077
41	1.06851	11.0964
41	0.653052	11.6898
41	0.216877	12.2777
41	-0.224608	12.8638

30	2	0
30	2.72572	0.512942
30	3.432	1.00691
30	4.14274	1.51049
30	4.86499	2.04378
30	5.58603	2.57907
30	6.30664	3.12179
30	6.93101	3.57897
30	6.76242	3.54774
30	6.79426	3.84674
30	6.6017	3.88968
30	6.53487	4.21083
30	6.36055	4.22309
30	6.35807	4.51386
30	6.15475	4.59216
30	5.98888	4.58081
30	6.02888	4.82289
30	5.99948	5.08525
30	5.85609	5.39962
30	5.6553	5.44604
30	5.53716	5.67872
30	5.44109	5.87945
30	5.29186	6.08741
30	4.651	6.77383
30	4.00447	7.4584
30	3.35138	8.13563
30	2.84978	8.74581
30	3.09612	9.42396
30	2.8095	10.0671
30	2.40491	10.6797

88	2	0
88	2.7209	0.500814
88	3.33257	0.86496
88	4.00659	1.3135
88	4.7277	1.83978
88	5.44832	2.36793
88	6.16989	2.90349
88	6.89171	3.45177
88	7.02012	3.72349
88	6.97596	4.05536
88	6.80661	4.18972
88	6.64753	4.30477
88	6.50007	4.39991
88	6.36139	4.47933
88	6.2329	4.54283
88	6.11389	4.59275
88	6.00422	4.63092
88	5.90388	4.65894
88	5.79009	4.70396
88	5.74717	4.92705
88	5.62897	4.97857
88	5.57033	5.19178
88	5.66595	5.38638
88	5.53534	5.642
88	5.40148	5.7322
88	5.2603	5.96274
88	5.12784	6.04449
88	4.6195	6.70609
88	4.03468	7.37729
88	3.47633	8.03387

69	2	0
69	2.65733	0.596294
69	3.41161	1.18106
69	4.16402	1.75241
69	4.91268	2.25656
69	5.66118	2.70546
69	6.40842	2.98576
69	7.13928	3.35761
69	7.84551	2.86669
69	7.58907	3.1261
69	7.53242	3.47266
69	7.38373	3.7413
69	7.26763	3.89459
69	7.20564	3.96844
69	7.08461	4.14191
69	6.93445	4.35599
69	6.82185	4.52514
69	6.67537	4.74936
69	6.56178	4.95043
69	6.39147	5.21919
69	6.25387	5.48913
69	6.09883	5.78631
69	5.86943	6.15385
69	5.03474	6.89621
69	4.24187	7.64887
69	3.42926	8.4113
69	2.76258	9.18513
69	2.09267	9.96205
69	1.42057	10.7419
69	0.742446	11.523

4	2	0
4	2.71694	0.546663
4	3.4815	1.10818
4	4.24213	1.66135
4	4.9899	2.18016
4	5.73143	2.67504
4	6.46281	3.11679
4	7.15893	3.42097
4	7.86071	2.75494
4	7.77479	2.40896
4	7.55658	2.75702
4	7.36423	3.02892
4	7.53487	3.04122
4	7.37271	3.24035
4	7.20614	3.44703
4	7.03386	3.66879
4	7.05387	3.62754
4	6.86369	3.90984
4	6.71637	4.14366
4	6.56521	4.38315
4	6.4116	4.63931
4	6.26092	4.9103
4	6.29872	5.05321
4	6.12101	5.23435
4	5.87017	5.59601
4	5.67797	5.97419
4	5.45376	6.38358
4	4.61775	7.13129
4	3.84981	7.88737
4	3.18409	8.65747

37	2	0
37	2.74589	0.550778
37	3.44016	1.03591
37	4.15786	1.55784
37	4.90004	2.12684
37	5.64172	2.69889
37	6.38384	3.27936
37	7.02499	3.77429
37	6.89111	3.82088
37	6.76601	3.85084
37	6.64466	3.88482
37	6.52655	3.90847
37	6.70584	4.22688
37	6.55018	4.32258
37	6.40883	4.3859
37	6.28991	4.41071
37	6.41176	4.722
37	6.24889	4.82936
37	6.10261	4.90319
37	5.97564	4.9418
37	6.04142	5.22596
37	5.89545	5.29283
37	5.76125	5.35086
37	5.74418	5.6161
37	5.60754	5.67178
37	5.54824	5.92117
37	5.47541	6.16066
37	4.80763	6.87494
37	4.11853	7.57163
37	3.4816	8.26835

15	2	0
15	2.6629	0.586637
15	3.40827	1.17315
15	4.15256	1.73379
15	4.89578	2.21225
15	5.63514	2.73126
15	6.3731	3.20158
15	7.08202	3.64204
15	7.82034	2.99621
15	7.91804	2.47094
15	7.61756	2.84123
15	7.38722	3.11618
15	7.93334	3.20185
15	7.78709	3.19809
15	7.55281	3.49261
15	7.38663	3.67048
15	7.21451	3.8742
15	7.04456	4.08823
15	7.1094	4.10162
15	6.89717	4.34769
15	6.71208	4.60987
15	6.53802	4.88641
15	6.37462	5.14637
15	6.12819	5.47627
15	5.85399	5.85991
15	5.5606	6.28469
15	4.72532	7.02712
15	3.96308	7.77894
15	3.30553	8.54675
15	2.64585	9.31696

31	2	0
31	2.70307	0.548271
31	3.47175	1.10152
31	4.23746	1.6461
31	4.9951	2.15441
31	5.74945	2.63714
31	6.49902	3.06517
31	7.22288	3.39025
31	7.95956	2.72403
31	8.11849	2.43903
31	8.01154	2.78284
31	7.89235	3.03228
31	7.91543	3.20217
31	7.78454	3.39908
31	7.61278	3.61269
31	7.42032	3.83788
31	7.2171	4.07843
31	7.01081	4.33535
31	6.80754	4.60921
31	6.61163	4.89989
31	6.37907	5.24885
31	6.14849	5.62526
31	5.92066	6.02567
31	5.08878	6.76828
31	4.34686	7.51522
31	3.57869	8.2733
31	2.93173	9.04006
31	2.28299	9.80899
31	1.63296	10.5796
31	0.981312	11.3513

52	2	0
52	2.70005	0.557709
52	3.45773	1.11165
52	4.21388	1.65395
52	4.96756	2.14433
52	5.72131	2.59707
52	6.47446	2.96658
52	7.22325	3.08175
52	7.97509	2.4566
52	7.7469	2.77427
52	7.62013	2.88008
52	7.49849	3.03455
52	7.66999	3.29585
52	7.55567	3.49822
52	7.48869	3.57374
52	7.39698	3.72938
52	7.19247	4.00576
52	6.98152	4.27645
52	6.87321	4.42953
52	6.76524	4.62793
52	6.54835	4.93617
52	6.31636	5.2748
52	6.04351	5.66496
52	5.75212	6.08957
52	4.91767	6.83221
52	4.16901	7.57771
52	3.39323	8.33245
52	2.74772	9.09712
52	2.10042	9.8641
52	1.45168	10.6327

96	2	0
96	2.71982	0.474137
96	3.42591	0.93904
96	4.14316	1.4235
96	4.87721	1.94515
96	5.61085	2.4688
96	6.34465	2.99895
96	7.07805	3.53977
96	7.32626	3.78569
96	7.40219	4.09433
96	7.18753	4.23527
96	6.99183	4.3409
96	7.06141	4.62234
96	6.82752	4.7803
96	6.66122	4.85023
96	6.49691	4.90513
96	6.57669	5.14413
96	6.52962	5.45826
96	6.3276	5.57383
96	6.13023	5.66156
96	6.09626	5.89517
96	6.03284	6.10566
96	5.32639	6.81159
96	4.59952	7.51229
96	3.8754	8.21349
96	3.28868	8.83215
96	2.69824	9.45227
96	2.10483	10.0736
96	1.52942	10.6875
96	1.15573	11.3171

40	2	0
40	2.72737	0.521748
40	3.41217	0.989274
40	4.10919	1.47853
40	4.82702	2.01279
40	5.54382	2.54922
40	6.26071	3.09387
40	6.83094	3.4977
40	6.673	3.40633
40	6.60818	3.57351
40	6.74809	3.82334
40	6.57868	4.10604
40	6.41076	4.04061
40	6.31383	4.2458
40	6.38423	4.49662
40	6.21206	4.82955
40	6.03172	4.79004
40	5.9821	5.03213
40	5.82204	5.26542
40	5.71316	5.49492
40	5.53039	5.43445
40	5.49884	5.59511
40	5.41532	5.76184
40	5.24518	5.95728
40	5.20225	6.06527
40	4.63862	6.70144
40	4.02915	7.36177
40	3.40152	8.02135
40	3.81015	8.73245
40	3.46327	9.38263

77	2	0
77	2.66795	0.573673
77	3.41862	1.14944
77	4.16754	1.71556
77	4.91259	2.24058
77	5.65731	2.73846
77	6.3995	3.1785
77	7.11153	3.58774
77	7.83661	2.88332
77	7.62368	2.71884
77	7.39913	2.99774
77	7.28924	3.11719
77	7.49166	3.46373
77	7.52254	3.42846
77	7.37549	3.63952
77	7.30282	3.74157
77	7.17231	3.91951
77	7.11013	4.01747
77	6.96524	4.21056
77	6.91234	4.32129
77	6.75943	4.52068
77	6.70786	4.65722
77	6.55268	4.86188
77	6.49439	5.03245
77	6.3421	5.2481
77	6.26632	5.46007
77	6.12567	5.68978
77	5.85474	6.04791
77	5.02007	6.79043
77	4.24776	7.5438

55	2	0
55	2.72952	0.539774
55	3.42501	1.04082
55	4.13001	1.55783
55	4.85353	2.11125
55	5.18772	2.20046
55	5.91439	2.76106
55	6.64085	3.32891
55	6.9034	3.60292
55	6.95005	3.92131
55	6.77724	4.08136
55	6.63048	4.19693
55	6.50064	4.27779
55	6.38883	4.31868
55	6.28018	4.35519
55	6.30483	4.55486
55	6.18063	4.64127
55	6.24607	4.92298
55	6.10719	5.01715
55	5.97023	5.117
55	5.84024	5.19877
55	5.86981	5.44913
55	5.78017	5.73245
55	5.6193	5.8464
55	5.47376	5.92391
55	5.39631	6.14768
55	4.7636	6.83586
55	4.11821	7.50581
55	3.47924	8.17386
55	2.92967	8.77912

8	2	0
8	2.70735	0.595892
8	3.46452	1.18079
8	4.21932	1.74949
8	4.96967	2.22427
8	5.71977	2.59099
8	6.46411	3.07637
8	7.17806	3.53335
8	7.89835	2.86799
8	7.86365	2.47809
8	7.65732	2.84789
8	7.539	2.9938
8	7.4151	3.16107
8	7.66455	3.34396
8	7.53623	3.42618
8	7.43319	3.55822
8	7.31397	3.72844
8	7.23267	3.80544
8	7.06401	4.06264
8	6.9783	4.15698
8	6.83205	4.4026
8	6.748	4.54922
8	6.56246	4.82791
8	6.45941	5.04934
8	6.29905	5.33449
8	6.07641	5.67719
8	5.80315	6.08795
8	4.97198	6.81618
8	4.23548	7.5579
8	3.45774	8.31246

72	2	0
72	2.65905	0.552947
72	3.41357	1.10423
72	4.16631	1.64476
72	4.91472	2.13784
72	5.66251	2.59822
72	6.40772	2.98849
72	7.1423	3.15423
72	7.86482	2.59602
72	7.59603	2.86987
72	7.36189	3.10903
72	7.82818	3.14907
72	7.70955	3.27603
72	7.65912	3.30007
72	7.50032	3.52338
72	7.47959	3.4998
72	7.2981	3.75661
72	7.28136	3.75853
72	7.09557	4.01146
72	7.0776	4.04362
72	7.02173	4.12901
72	6.88768	4.31882
72	6.86997	4.37643
72	6.67842	4.62524
72	6.64063	4.75072
72	6.46844	4.98312
72	6.41787	5.15021
72	6.24079	5.38991
72	6.00012	5.72805
72	5.71811	6.12794

9	2	0
9	2.64983	0.57011
9	3.41853	1.1302
9	4.18559	1.67678
9	4.94967	2.15488
9	5.71259	2.64511
9	6.4735	3.07478
9	7.20693	3.44629
9	7.93109	2.80503
9	7.89725	2.9874
9	7.76733	3.19423
9	7.67686	3.35894
9	7.57779	3.47439
9	7.47168	3.62047
9	7.35922	3.76138
9	7.21613	3.96699
9	7.09213	4.118
9	6.93733	4.34883
9	6.80386	4.54368
9	6.64644	4.79158
9	6.44485	5.0987
9	6.23117	5.42081
9	6.00036	5.77236
9	5.72628	6.17261
9	4.89025	6.91394
9	4.1124	7.66351
9	3.28463	8.42533
9	2.64003	9.19618
9	1.9937	9.96931
9	1.34586	10.7442

63	2	0
63	2.67264	0.562403
63	3.41825	1.12839
63	4.16216	1.68443
63	4.90508	2.13885
63	5.64477	2.62509
63	6.38226	3.05321
63	7.09946	3.42225
63	7.84013	2.8048
63	7.55343	2.86154
63	7.32029	3.01452
63	7.59555	3.33774
63	7.64957	3.18355
63	7.36636	3.50128
63	7.25823	3.68086
63	7.2174	3.76577
63	6.97879	4.02027
63	6.90177	4.19441
63	6.84301	4.30771
63	6.59493	4.57946
63	6.50964	4.81631
63	6.45175	4.99273
63	6.19714	5.26512
63	5.87519	5.64203
63	5.52617	6.07128
63	4.69004	6.81053
63	3.94819	7.55888
63	3.30037	8.32351
63	2.65057	9.09083
63	1.99936	9.8604

51	2	0
51	2.67871	0.566313
51	3.42734	1.13603
51	4.17484	1.68057
51	4.92093	2.14408
51	5.66809	2.53851
51	6.40911	2.99235
51	7.14358	3.33486
51	7.88027	2.79825
51	7.77885	2.59714
51	7.55389	2.88821
51	7.38037	3.12221
51	7.8484	3.43872
51	7.65714	3.491
51	7.43377	3.74141
51	7.23419	3.96862
51	7.27779	3.98082
51	7.1248	4.14381
51	6.90986	4.40061
51	6.70445	4.6762
51	6.77714	4.80524
51	6.60317	4.92811
51	6.36555	5.23407
51	6.10982	5.59037
51	5.84664	5.98193
51	5.56687	6.40549
51	4.73024	7.14774
51	3.96383	7.89997
51	3.30264	8.66748
51	2.63996	9.4374

33	2	0
33	2.70741	0.556455
33	3.4708	1.12654
33	4.23106	1.65819
33	4.97825	2.19118
33	5.71975	2.70337
33	6.45048	3.17315
33	7.14361	3.58631
33	7.83639	2.94783
33	7.67565	2.56691
33	7.42784	2.94407
33	7.23639	3.18456
33	7.45073	3.18033
33	7.32959	3.22455
33	7.18627	3.42977
33	7.06449	3.57819
33	6.94043	3.74407
33	6.81786	3.91834
33	6.6964	4.10407
33	6.80164	3.42576
33	6.52558	3.89579
33	6.31185	4.33168
33	6.40133	3.68611
33	6.12915	4.18706
33	5.91545	4.17365
33	6.61371	3.60259
33	6.22651	4.14103
33	6.84849	4.28617
33	6.38574	4.84727
33	5.90394	5.42562

62	2	0
62	2.72173	0.549721
62	3.49207	1.11151
62	4.259	1.66524
62	5.01453	2.1865
62	5.76494	2.6846
62	6.50571	3.13278
62	7.21801	3.43511
62	7.91722	2.77651
62	7.87966	2.36147
62	7.65805	2.74023
62	7.45035	3.05496
62	7.31108	3.32823
62	7.1474	3.57102
62	6.9647	3.82651
62	6.77396	4.098
62	6.58269	4.3847
62	6.39563	4.68582
62	6.27969	4.94601
62	6.1171	5.23616
62	5.88283	5.60581
62	5.64482	6.01451
62	4.80825	6.76381
62	4.05219	7.51966
62	3.27083	8.28496
62	2.61326	9.05854
62	1.95365	9.83414
62	1.29165	10.6114
62	0.62723	11.3893
62	-0.0455156	12.1686

60	2	0
60	2.73116	0.56496
60	3.39321	1.05822
60	4.08374	1.58564
60	4.80637	2.16027
60	5.52792	2.73613
60	6.25041	3.31974
60	6.71328	3.71414
60	6.56637	3.78482
60	6.56343	4.11029
60	6.39158	4.22651
60	6.2236	4.33335
60	6.05555	4.43856
60	5.89935	4.51819
60	5.95974	4.80943
60	5.78262	4.95596
60	5.6681	5.18354
60	5.5464	5.40535
60	5.41968	5.63153
60	5.32732	5.89213
60	5.20517	6.14711
60	4.54175	6.84887
60	3.89712	7.53266
60	3.34306	8.14607
60	2.78325	8.75631
60	2.22019	9.36885
60	1.65429	9.98157
60	1.09364	10.5992
60	1.70257	11.3293
60	2.26003	12.0487

43	2	0
43	2.69296	0.572067
43	3.44487	1.13844
43	4.19503	1.68991
43	4.94226	2.1604
43	5.6859	2.6706
43	6.42635	3.13273
43	7.13786	3.582
43	7.87524	2.88331
43	7.79278	2.56198
43	7.53764	2.91014
43	7.35703	3.15041
43	7.7758	3.41768
43	7.68041	3.36761
43	7.46172	3.67091
43	7.31049	3.85483
43	7.17745	4.01853
43	7.04505	4.19433
43	6.91577	4.37707
43	6.78879	4.56869
43	6.66428	4.77006
43	6.54218	4.98228
43	6.42223	5.20677
43	6.30397	5.44533
43	6.06511	5.77691
43	5.81717	6.1611
43	4.9846	6.90313
43	4.22398	7.65544
43	3.43898	8.41702
43	2.78651	9.19039

46	2	0
46	2.69478	0.59029
46	3.45062	1.18496
46	4.20496	1.7538
46	4.95656	2.23964
46	5.70452	2.76286
46	6.44907	3.23007
46	7.16855	3.63037
46	7.89698	2.99929
46	7.63119	2.90838
46	7.37945	3.26056
46	7.68779	3.46356
46	7.55626	3.5632
46	7.4358	3.71491
46	7.23876	3.97943
46	7.13642	4.08123
46	6.91998	4.38952
46	6.81478	4.56605
46	6.6003	4.8768
46	6.49448	5.11601
46	6.28376	5.42544
46	6.01328	5.81683
46	5.70493	6.26086
46	4.86844	7.00318
46	4.10848	7.75427
46	3.31685	8.51416
46	2.663	9.28542
46	2.0076	10.0588
46	1.35133	10.8337
46	0.691926	11.6094

82	2	0
82	2.68241	0.555
82	3.43673	1.10957
82	4.18948	1.65433
82	4.93991	2.15645
82	5.69012	2.63064
82	6.43965	3.04714
82	7.16576	3.4167
82	7.91374	2.78836
82	7.80826	2.93692
82	7.63442	3.16511
82	7.88298	3.26082
82	7.80488	3.35685
82	7.7016	3.48435
82	7.54073	3.68091
82	7.44025	3.77214
82	7.29187	3.96893
82	7.20046	4.07965
82	7.01178	4.32338
82	6.90929	4.4763
82	6.74799	4.70521
82	6.64589	4.89285
82	6.4404	5.17308
82	6.20165	5.50279
82	5.91539	5.88778
82	5.59678	6.31361
82	4.762	7.05464
82	4.00725	7.8018
82	3.21423	8.5589
82	2.56645	9.32295

19	2	0
19	2.6889	0.552204
19	3.44038	1.09619
19	4.19025	1.63953
19	4.9376	2.1405
19	5.68489	2.61378
19	6.43137	3.03168
19	7.15038	3.42772
19	7.88771	2.83575
19	7.70194	2.96519
19	7.52492	3.16372
19	7.84872	3.4068
19	7.64916	3.52328
19	7.5716	3.60138
19	7.44787	3.77177
19	7.2682	3.98708
19	7.08963	4.21262
19	6.91602	4.44796
19	6.74632	4.69481
19	6.57971	4.95475
19	6.41514	5.22948
19	6.25228	5.51577
19	5.99676	5.86393
19	5.73389	6.25417
19	4.90334	6.99657
19	4.14664	7.7474
19	3.34675	8.50877
19	2.70163	9.27798
19	2.05484	10.049
19	1.40711	10.8217

13	2	0
13	2.73157	0.543309
13	3.4272	1.04574
13	4.13233	1.56461
13	4.8552	2.12119
13	5.10445	2.12348
13	5.83192	2.68849
13	6.55836	3.2613
13	6.79286	3.54238
13	6.74469	3.90558
13	6.59492	3.99966
13	6.47498	4.02148
13	6.35626	4.0424
13	6.24947	4.0321
13	6.37575	4.32002
13	6.286	4.58931
13	6.16104	4.62938
13	6.03323	4.68163
13	5.91958	4.69451
13	5.99286	4.96473
13	5.90387	5.21311
13	5.77486	5.2503
13	5.72188	5.53362
13	5.59224	5.55807
13	5.50908	5.76034
13	5.42461	6.01274
13	4.82894	6.69706
13	4.25778	7.35467
13	3.68182	8.0169
13	3.17659	8.63384

25	2	0
25	2.60059	0.58261
25	3.35832	1.16704
25	4.11424	1.74289
25	4.86617	2.24858
25	5.61787	2.76744
25	6.36719	3.24059
25	7.08385	3.70167
25	7.77196	2.98751
25	7.62822	3.21507
25	7.61841	3.27834
25	7.5379	3.38319
25	7.48672	3.46095
25	7.40735	3.56206
25	7.32957	3.68461
25	7.14654	3.938
25	6.96683	4.16894
25	6.86325	4.2839
25	6.76822	4.4553
25	6.70288	4.55645
25	6.57535	4.77614
25	6.36668	5.07632
25	6.22914	5.32208
25	6.12181	5.57421
25	5.86805	5.91474
25	5.55844	6.32422
25	4.72371	7.0697
25	3.94758	7.82608
25	3.29613	8.59893
25	2.6422	9.37496

91	2	0
91	2.68854	0.561098
91	3.45035	1.13274
91	4.21095	1.67893
91	4.97006	2.14435
91	5.72676	2.64029
91	6.48173	3.0824
91	7.21235	3.47929
91	7.95575	2.86372
91	8.01346	2.76621
91	7.89568	2.99783
91	7.788	3.13884
91	7.87903	3.42456
91	7.86455	3.51522
91	7.72376	3.71612
91	7.60354	3.83948
91	7.41783	4.06913
91	7.27717	4.22027
91	7.08178	4.4659
91	6.9423	4.65221
91	6.7355	4.92655
91	6.48043	5.26457
91	6.1958	5.64537
91	5.88477	6.06093
91	5.04481	6.80398
91	4.26579	7.56153
91	3.42856	8.33396
91	2.75445	9.11138
91	2.07867	9.89101
91	1.40168	10.6724

2	2	0
2	2.72771	0.550798
2	3.39508	1.03881
2	4.08421	1.55388
2	4.803	2.11425
2	5.52037	2.67568
2	6.2382	3.24458
2	6.67424	3.611
2	6.53458	3.63573
2	6.37201	3.70222
2	6.21718	3.75651
2	6.06288	3.80467
2	5.9154	3.84297
2	6.15763	4.13277
2	6.00069	4.20805
2	5.85008	4.26969
2	5.69936	4.32437
2	5.55479	4.36875
2	5.7732	4.64174
2	5.62035	4.71287
2	5.75286	4.97706
2	5.57849	5.0772
2	5.40674	5.1644
2	5.48022	5.40921
2	5.30355	5.5022
2	5.13031	5.55232
2	5.14603	5.7718
2	5.00637	5.93687
2	4.95607	6.14164
2	4.30072	6.84046

84	2	0
84	2.74638	0.511663
84	3.43441	0.934237
84	4.15188	1.41208
84	4.90251	1.96291
84	5.65194	2.517
84	6.40133	3.08152
84	6.92746	3.41626
84	7.01345	3.72152
84	6.89533	3.72088
84	6.78906	3.7087
84	6.70765	4.05749
84	6.61631	4.01866
84	6.52916	3.98578
84	6.45745	3.9361
84	6.55372	4.21328
84	6.45094	4.21184
84	6.49738	4.5109
84	6.36955	4.55883
84	6.26257	4.57082
84	6.17243	4.5555
84	6.15352	4.83722
84	6.05985	4.81919
84	6.05762	5.08445
84	5.96127	5.07081
84	5.89201	5.33997
84	5.79325	5.3186
84	5.73759	5.55512
84	5.64401	5.51649
84	5.60245	5.72088

64	2	0
64	2.74063	0.552797
64	3.45511	1.07885
64	4.17815	1.61846
64	4.55091	1.77291
64	5.28973	2.34235
64	6.02777	2.91453
64	6.76513	3.49366
64	6.74571	3.47587
64	6.90724	3.69786
64	6.86793	3.72739
64	6.98795	3.99515
64	6.89437	4.10557
64	6.8004	4.22524
64	6.68915	4.35178
64	6.6145	4.44871
64	6.54122	4.5347
64	6.45877	4.63541
64	6.37582	4.72678
64	6.29757	4.82142
64	6.21368	4.90845
64	6.36069	5.20893
64	6.19612	5.3991
64	6.05323	5.55576
64	5.91167	5.70077
64	5.80891	5.79016
64	5.71847	5.85688
64	5.61472	5.93808
64	5.61081	6.14474
64	4.94397	6.84048

71	2	0
71	2.74935	0.539694
71	3.38995	0.929353
71	4.09335	1.41306
71	4.84014	1.97461
71	5.58613	2.53901
71	6.33279	3.11239
71	6.88541	3.50402
71	6.86917	3.72587
71	6.80293	4.03622
71	6.68741	4.37599
71	6.51735	4.54518
71	6.3871	4.65064
71	6.27968	4.72059
71	6.1654	4.80968
71	6.07197	4.86182
71	6.03314	5.12003
71	5.91479	5.21717
71	5.85273	5.51338
71	5.74519	5.57492
71	5.67008	5.82097
71	5.55081	6.10519
71	4.87356	6.81007
71	4.19655	7.49583
71	3.52818	8.17966
71	2.98259	8.76712
71	2.43251	9.35227
71	1.8798	9.93907
71	1.32445	10.5255
71	0.772392	11.1137

99	2	0
99	2.71114	0.537896
99	3.47838	1.08774
99	4.24214	1.62858
99	4.99553	2.13018
99	5.74453	2.60408
99	6.48728	3.01638
99	7.20435	3.28278
99	7.93718	2.59678
99	7.99647	2.33796
99	7.87746	2.6654
99	7.7365	2.93667
99	7.57206	3.17927
99	7.50919	3.41958
99	7.50459	3.36016
99	7.36682	3.64747
99	7.18241	3.91133
99	6.97195	4.1923
99	6.75073	4.49302
99	6.65404	4.64133
99	6.49282	4.91519
99	6.25196	5.27902
99	5.99367	5.6834
99	5.72112	6.12107
99	4.88429	6.86406
99	4.13455	7.60873
99	3.34493	8.36596
99	2.68412	9.12787
99	2.02141	9.8919
99	1.35712	10.6576

42	2	0
42	2.59685	0.581031
42	3.36136	1.16999
42	4.1241	1.75028
42	4.88395	2.29507
42	5.64341	2.81609
42	6.402	3.28654
42	7.12755	3.74915
42	7.85558	3.03387
42	8.20793	2.62656
42	7.99613	2.97449
42	7.80371	3.1852
42	7.89662	3.15079
42	7.80786	3.34089
42	7.72219	3.41974
42	7.60914	3.56113
42	7.53021	3.61301
42	7.42901	3.75463
42	7.34257	3.84212
42	7.24677	3.97085
42	7.15231	4.09008
42	7.0553	4.2227
42	6.95555	4.36342
42	6.8537	4.51323
42	6.74837	4.67462
42	6.63924	4.84845
42	6.52499	5.03707
42	6.404	5.24305
42	6.24098	5.51643
42	5.9894	5.87449

47	2	0
47	2.68189	0.582337
47	3.43046	1.16914
47	4.17769	1.73043
47	4.92383	2.21044
47	5.67106	2.61818
47	6.41244	3.08324
47	7.13023	3.47992
47	7.86642	2.8627
47	7.90659	2.46642
47	7.66198	2.80214
47	7.50527	3.00766
47	7.85183	3.14517
47	7.70032	3.20896
47	7.54119	3.40816
47	7.41954	3.5472
47	7.28607	3.72023
47	7.1571	3.89223
47	7.02335	4.0794
47	6.88625	4.28036
47	6.7447	4.49767
47	6.59884	4.73288
47	6.4489	4.98745
47	6.30379	5.22574
47	6.05291	5.55938
47	5.76992	5.95303
47	5.47985	6.38169
47	4.64687	7.12285
47	3.88532	7.87476
47	3.2362	8.64332

75	2	0
75	2.67978	0.562429
75	3.42346	1.12238
75	4.16538	1.67219
75	4.90427	2.17649
75	5.64298	2.64995
75	6.38075	3.05429
75	7.09138	3.39774
75	7.82707	2.75627
75	7.62434	2.47251
75	7.3534	2.7586
75	7.1388	3.00725
75	7.5504	3.24883
75	7.41043	3.16933
75	7.21465	3.44724
75	7.17436	3.57971
75	7.00068	3.79074
75	6.93114	3.93563
75	6.74608	4.17019
75	6.67591	4.35117
75	6.47403	4.6078
75	6.22299	4.93501
75	6.1114	5.23696
75	5.85262	5.56999
75	5.55436	5.96254
75	5.21774	6.40039
75	4.37947	7.1517
75	3.60819	7.91037
75	2.94605	8.68129
75	2.28221	9.45462

11	2	0
11	2.69082	0.574041
11	3.44354	1.15148
11	4.19418	1.71904
11	4.94317	2.17079
11	5.68854	2.66816
11	6.43139	3.10377
11	7.14533	3.48618
11	7.8726	2.84723
11	7.72673	2.60541
11	7.49326	2.9314
11	7.41731	2.98892
11	7.27677	3.20258
11	7.58251	3.45111
11	7.45246	3.47972
11	7.25087	3.7552
11	7.27063	3.71512
11	7.09163	3.97889
11	6.92537	4.21151
11	6.75502	4.45427
11	6.58484	4.71149
11	6.41666	4.9839
11	6.45556	5.12208
11	6.27468	5.31085
11	6.01514	5.6622
11	5.75951	6.05513
11	4.92418	6.78509
11	4.16233	7.52525
11	3.37545	8.27535
11	2.70866	9.03817

66	2	0
66	2.72116	0.42614
66	3.44803	0.878281
66	4.17965	1.34224
66	4.92243	1.84082
66	5.66434	2.34187
66	6.40572	2.85017
66	7.14599	3.37079
66	7.76821	3.77414
66	7.59497	4.08066
66	7.32633	4.53669
66	7.04368	4.77639
66	6.81166	4.94026
66	6.6424	5.00766
66	6.48811	5.05458
66	6.34916	5.08406
66	6.23247	5.08453
66	6.13492	5.0633
66	6.05745	5.01817
66	6.22985	5.1443
66	6.2399	5.31593
66	6.18882	5.50609
66	6.10755	5.69795
66	6.05281	5.86051
66	5.95998	6.02562
66	5.30458	6.70391
66	4.62006	7.38069
66	3.91473	8.05116
66	3.49111	8.69708
66	3.09219	9.34454

76	2	0
76	2.74669	0.502173
76	3.41709	0.876512
76	4.12831	1.33195
76	4.87691	1.87365
76	5.62466	2.41919
76	6.37238	2.97534
76	7.11845	3.54939
76	6.96106	3.97327
76	6.78292	4.33351
76	6.66261	4.2535
76	6.54477	4.64419
76	6.3808	4.64643
76	6.30192	4.98969
76	6.14229	4.98605
76	6.06569	5.28905
76	5.8838	5.62424
76	5.72312	5.90921
76	5.59281	5.81801
76	5.5529	5.98415
76	5.36345	6.2317
76	4.69932	6.92743
76	4.02057	7.60711
76	3.33298	8.27766
76	3.82468	8.981
76	3.53818	9.62414
76	3.25782	10.2645
76	2.80447	10.8412
76	2.36964	11.4232
76	1.91363	11.9991

70	2	0
70	2.66714	0.573671
70	3.41253	1.14585
70	4.15645	1.69407
70	4.89883	2.16419
70	5.63859	2.66359
70	6.37713	3.11062
70	7.08739	3.53291
70	7.82327	2.93002
70	7.79157	2.51289
70	7.55888	2.80906
70	7.37786	3.05333
70	7.94549	3.29825
70	7.80499	3.16145
70	7.53642	3.50024
70	7.48596	3.61815
70	7.30945	3.8144
70	7.29575	3.86928
70	7.07033	4.11756
70	6.83823	4.39801
70	6.83425	4.55363
70	6.5941	4.79356
70	6.55859	4.99017
70	6.30333	5.26806
70	6.0024	5.6409
70	5.66837	6.06745
70	4.83152	6.80957
70	4.07266	7.56086
70	3.26789	8.32171
70	2.60609	9.09093

35	2	0
35	2.65793	0.566183
35	3.40374	1.13061
35	4.14764	1.6856
35	4.88789	2.20011
35	5.62756	2.68813
35	6.36592	3.11993
35	7.07752	3.50036
35	7.81647	2.85957
35	7.65819	2.60459
35	7.38175	2.93095
35	7.32173	3.04166
35	7.62799	3.33153
35	7.60251	3.16448
35	7.3813	3.46696
35	7.16578	3.73032
35	6.94332	3.99633
35	6.98013	4.08544
35	6.78042	4.27966
35	6.80388	4.39325
35	6.57525	4.618
35	6.59203	4.78019
35	6.35978	5.01242
35	6.09692	5.33957
35	5.79362	5.72761
35	5.46333	6.15959
35	4.62682	6.90582
35	3.87123	7.65874
35	3.21542	8.42596
35	2.55721	9.19557

87	2	0
87	2.67603	0.569704
87	3.42689	1.14309
87	4.17691	1.67857
87	4.92409	2.08387
87	5.66449	2.57801
87	6.40045	3.01541
87	7.11191	3.34028
87	7.83761	2.69839
87	7.57224	2.75935
87	7.29538	3.04039
87	7.71435	2.92982
87	7.36105	3.21926
87	7.52909	3.11141
87	7.29604	3.41256
87	7.27648	3.42597
87	7.06646	3.70697
87	7.07565	3.72783
87	6.86135	4.00223
87	6.8613	4.06761
87	6.64627	4.33402
87	6.42271	4.64582
87	6.41788	4.82957
87	6.22929	5.06301
87	5.95482	5.42842
87	5.66286	5.84533
87	5.34572	6.30309
87	4.50894	7.05377
87	3.74182	7.8096
87	3.0906	8.57839

48	2	0
48	2.73306	0.540087
48	3.43116	1.04721
48	4.14034	1.5705
48	4.86802	2.12864
48	5.59461	2.68881
48	6.32121	3.25724
48	6.90096	3.71774
48	6.77282	3.7935
48	6.64185	3.86681
48	6.49913	3.96769
48	6.36417	4.05711
48	6.23141	4.14023
48	6.10459	4.21516
48	5.98382	4.28272
48	5.86832	4.34436
48	5.75785	4.40105
48	5.65214	4.45369
48	5.55103	4.50302
48	5.45435	4.54963
48	5.36193	4.59399
48	5.2736	4.63639
48	5.57215	4.92581
48	5.45774	5.02617
48	5.34579	5.11691
48	5.23655	5.19928
48	5.38092	5.45421
48	5.26512	5.55952
48	5.38978	5.81149
48	5.20862	6.02259

57	2	0
57	2.73748	0.550696
57	3.44607	1.0716
57	4.16176	1.60402
57	4.89154	2.16538
57	5.62036	2.7283
57	6.34921	3.29856
57	6.84163	3.6769
57	6.7624	3.85554
57	6.68885	4.05728
57	6.61184	4.28137
57	6.52438	4.5239
57	6.42266	4.77877
57	6.30672	5.03848
57	6.17918	5.29596
57	6.04359	5.54586
57	5.90315	5.78486
57	5.7603	6.01123
57	5.08584	6.71115
57	4.5649	7.38594
57	4.06156	8.06057
57	3.52313	8.74626
57	2.96157	9.35318
57	2.39709	9.96316
57	1.8301	10.5749
57	1.26157	11.183
57	0.692659	11.7905
57	0.129037	12.3937
57	-0.432075	12.9973
57	0.15164	13.7243

29	2	0
29	2.7271	0.483097
29	3.40917	0.907659
29	4.10955	1.36583
29	4.83774	1.8851
29	5.56506	2.40744
29	6.29265	2.93916
29	7.019	3.48658
29	6.9551	3.82725
29	6.78084	4.15689
29	6.60851	4.49251
29	6.44248	4.48056
29	6.36285	4.80733
29	6.18154	5.1779
29	5.99914	5.19055
29	5.88286	5.47248
29	5.72425	5.71415
29	5.57541	5.96222
29	5.41707	6.18707
29	4.76985	6.88028
29	4.11596	7.57104
29	3.48092	8.24107
29	2.98702	8.86467
29	2.48066	9.48565
29	2.81389	10.1715
29	2.41884	10.7884
29	2.07905	11.414
29	1.6637	12.0259
29	1.31833	12.6511
29	0.893889	13.2617

97	2	0
97	2.72507	0.538719
97	3.49099	1.09425
97	4.2543	1.60749
97	5.00397	2.11916
97	5.74766	2.60628
97	6.48173	3.03975
97	7.16521	3.42475
97	7.85609	2.74831
97	7.87442	2.24028
97	7.65689	2.58706
97	7.52165	2.73182
97	7.44637	2.7452
97	7.3763	2.83929
97	7.33437	2.87096
97	7.28626	2.94613
97	7.17503	3.12929
97	7.33161	3.1585
97	7.26218	3.13429
97	7.18272	3.30494
97	7.16433	3.30426
97	7.09045	3.44098
97	7.05963	3.47514
97	6.90157	3.70489
97	6.86908	3.76763
97	6.81014	3.86153
97	6.76242	3.94997
97	6.60363	4.1726
97	6.57753	4.27869
97	6.52345	4.35277

12	2	0
12	2.74847	0.555926
12	3.46764	1.07782
12	4.19525	1.6153
12	4.93739	2.18592
12	5.67829	2.7591
12	6.41866	3.34046
12	6.49038	3.3681
12	6.95703	3.74906
12	6.84164	4.07247
12	6.69414	4.16389
12	6.55296	4.24809
12	6.41797	4.34194
12	6.30295	4.38725
12	6.41656	4.71024
12	6.25397	4.8347
12	6.10882	4.93256
12	6.03308	5.19801
12	5.89628	5.27487
12	5.85316	5.57314
12	5.71505	5.64106
12	5.61555	5.87774
12	5.50154	6.10942
12	4.82063	6.81949
12	4.13323	7.51489
12	3.46516	8.21055
12	2.90248	8.7952
12	2.33552	9.37613
12	1.76596	9.95808
12	2.37744	10.6814

0	2	0
0	2.73673	0.47659
0	3.38036	0.787452
0	4.07556	1.20402
0	4.81805	1.72933
0	5.55933	2.25789
0	6.30044	2.79627
0	7.04101	3.35141
0	6.94075	3.7012
0	6.77899	4.00343
0	6.64407	4.24219
0	6.51888	4.44667
0	6.39363	4.33341
0	6.32425	4.53662
0	6.23084	4.75693
0	6.12661	4.96883
0	6.02047	5.16109
0	5.91732	5.33288
0	5.82007	5.48751
0	5.73075	5.62934
0	5.62143	5.78185
0	5.50612	5.92323
0	5.39497	6.04361
0	4.72512	6.73454
0	4.04419	7.41577
0	3.35888	8.08337
0	2.8891	8.67764
0	3.42991	9.3756
0	2.96959	9.97552
0	2.4871	10.5653

61	2	0
61	2.6596	0.581012
61	3.40995	1.16474
61	4.15817	1.73953
61	4.90158	2.27754
61	5.64401	2.79058
61	6.38298	3.25153
61	7.09172	3.67652
61	7.81638	2.98028
61	7.62267	2.88828
61	7.40865	3.16672
61	7.49674	3.49786
61	7.46253	3.50742
61	7.31348	3.74764
61	7.25212	3.79384
61	7.13059	3.96907
61	7.00285	4.16158
61	6.92371	4.27154
61	6.808	4.44134
61	6.66006	4.68436
61	6.57177	4.86316
61	6.3417	5.18017
61	6.20294	5.47111
61	6.00687	5.81431
61	5.75303	6.20544
61	4.91998	6.95099
61	4.14969	7.70468
61	3.33821	8.46168
61	2.68705	9.235
61	2.03458	10.0109

90	2	0
90	2.66364	0.593784
90	3.41976	1.18657
90	4.17403	1.77111
90	4.92384	2.32239
90	5.67281	2.85147
90	6.44743	2.19871
90	7.1818	2.66124
90	7.78346	2.8015
90	7.55167	3.10523
90	7.69264	3.40245
90	7.63129	3.44912
90	7.51865	3.64242
90	7.40118	3.79442
90	7.25481	4.00075
90	7.13885	4.1569
90	6.96991	4.40158
90	6.86352	4.57811
90	6.6851	4.8428
90	6.57995	5.05934
90	6.39785	5.34403
90	6.27542	5.61875
90	6.09362	5.93693
90	5.8334	6.33915
90	4.99966	7.08756
90	4.22096	7.84576
90	3.41144	8.61316
90	2.7543	9.39133
90	2.09511	10.1724
90	1.43564	10.9562

93	2	0
93	2.71589	0.449135
93	3.32181	0.709037
93	4.01118	1.12321
93	4.75245	1.64563
93	5.49323	2.17044
93	6.23446	2.70254
93	6.97634	3.24707
93	7.12614	3.40748
93	7.12395	3.62774
93	6.96969	3.9258
93	6.78289	3.87475
93	6.6324	3.76238
93	6.73234	3.92607
93	6.66402	4.15671
93	6.58881	4.3997
93	6.42209	4.3331
93	6.45954	4.51693
93	6.34944	4.76135
93	6.17984	4.70134
93	6.19631	4.86395
93	6.11239	5.06466
93	6.03193	5.25513
93	5.96258	5.42953
93	5.83638	5.61708
93	5.67159	5.53119
93	5.66619	5.61667
93	5.57604	5.72684
93	5.64308	5.78058
93	5.46506	5.95842

98	2	0
98	2.71159	0.593637
98	3.47326	1.18994
98	4.23253	1.75874
98	4.98743	2.24424
98	5.73899	2.77569
98	6.48764	3.25578
98	7.20665	3.67644
98	7.93409	3.01347
98	8.28719	2.56862
98	7.98396	2.98821
98	7.73457	3.16305
98	7.8618	3.35219
98	7.71788	3.5032
98	7.6352	3.5343
98	7.49855	3.78646
98	7.30691	4.01546
98	7.09705	4.27068
98	7.00374	4.34753
98	6.8392	4.63704
98	6.63797	4.94365
98	6.42864	5.28175
98	6.21625	5.64317
98	5.96268	6.05877
98	5.13116	6.78629
98	4.39917	7.52143
98	3.62978	8.26888
98	2.97875	9.02819
98	2.32462	9.78971
98	1.66754	10.553

1	2	0
1	2.53907	0.572563
1	3.30263	1.15501
1	4.06446	1.71436
1	4.82356	2.20278
1	5.58096	2.71562
1	6.33697	3.17639
1	7.06408	3.60477
1	7.80155	2.95212
1	7.94199	2.62403
1	7.80755	2.93715
1	7.74112	3.01831
1	7.72984	3.26492
1	7.7575	3.20356
1	7.62547	3.45864
1	7.58297	3.45511
1	7.42066	3.71748
1	7.34938	3.75527
1	7.19904	3.9936
1	7.12976	4.05976
1	6.95876	4.3183
1	6.86888	4.45287
1	6.69861	4.70616
1	6.48502	5.01077
1	6.22109	5.37973
1	5.92333	5.78754
1	5.59009	6.23143
1	4.75098	6.97829
1	3.97751	7.73625
1	3.32013	8.5104

67	2	0
67	2.74271	0.543414
67	3.41089	0.98989
67	4.11703	1.49252
67	4.85553	2.0528
67	5.59341	2.61569
67	6.33169	3.18643
67	6.93188	3.63486
67	6.79526	3.64361
67	6.6631	3.64093
67	6.79382	3.93928
67	6.62952	4.0035
67	6.48714	4.02989
67	6.36035	4.02716
67	6.51158	4.31255
67	6.34849	4.38396
67	6.20772	4.41456
67	6.29526	4.69714
67	6.13235	4.76991
67	5.98301	4.84451
67	5.85127	4.89251
67	5.89892	5.14205
67	5.75062	5.212
67	5.75085	5.45511
67	5.59887	5.49781
67	5.55943	5.72555
67	5.47459	5.95498
67	5.34415	6.15129
67	4.66434	6.85615
67	3.97125	7.54767

78	2	0
78	2.71755	0.542745
78	3.37775	1.02268
78	4.05562	1.52722
78	4.76011	2.0764
78	5.46345	2.62681
78	6.16729	3.18432
78	6.70549	3.60541
78	6.51976	3.72865
78	6.35067	3.84269
78	6.42452	4.11283
78	6.23175	4.05384
78	6.2574	4.31935
78	6.0553	4.26795
78	6.0569	4.52221
78	6.0174	4.7854
78	5.81939	4.95553
78	5.73013	5.2029
78	5.52113	5.1502
78	5.47507	5.36042
78	5.3754	5.56947
78	5.26837	5.76644
78	5.13728	5.95311
78	5.00452	6.12197
78	4.38713	6.7991
78	3.77474	7.46759
78	3.21638	8.07824
78	3.66009	8.79323
78	3.29846	9.4578
78	3.08031	10.1195

14	2	0
14	2.66884	0.397318
14	3.10035	0.449527
14	3.69536	0.745237
14	4.37991	1.18491
14	5.11625	1.72173
14	5.85269	2.26232
14	6.58783	2.80949
14	7.31027	3.3639
14	7.02564	3.71654
14	6.79867	3.99048
14	6.63245	4.26295
14	6.47192	4.5283
14	6.31327	4.78314
14	6.15875	5.02113
14	6.0097	5.23739
14	5.81238	5.4575
14	5.62627	5.63894
14	5.50582	5.755
14	5.33172	5.87654
14	5.29755	5.91332
14	5.10041	6.02199
14	4.47301	6.72183
14	3.82208	7.40721
14	4.13103	8.10618
14	3.43619	8.79589
14	3.23341	9.45203
14	2.95837	10.085
14	2.52949	10.6759
14	2.09761	11.2665

68	2	0
68	2.71254	0.576909
68	3.47834	1.14224
68	4.24182	1.69244
68	5.00056	2.16264
68	5.75819	2.56236
68	6.51489	2.74256
68	7.26391	3.05413
68	8.00099	2.42519
68	8.17336	2.55527
68	8.14209	2.71401
68	8.06383	2.82613
68	7.9421	2.9931
68	7.81863	3.11196
68	8.15263	3.32597
68	7.98267	3.61385
68	7.83645	3.68812
68	7.60345	3.99207
68	7.37257	4.22645
68	7.1575	4.48072
68	6.71382	4.96226
68	6.92624	5.09984
68	6.58521	5.42801
68	6.36798	5.79575
68	6.12306	6.21204
68	5.29365	6.93864
68	4.53831	7.67523
68	3.73872	8.42577
68	3.0902	9.18481
68	2.43891	9.94623

86	2	0
86	2.72127	0.441572
86	3.43457	0.881527
86	4.15477	1.33651
86	4.88807	1.82783
86	5.62079	2.32129
86	6.35332	2.82124
86	7.08525	3.33212
86	7.38072	3.48902
86	7.41399	3.66539
86	7.35905	3.88317
86	7.26475	4.13261
86	7.17886	4.39678
86	7.04449	4.76207
86	6.80853	4.86976
86	6.60447	4.91572
86	6.60938	5.10528
86	6.52374	5.39418
86	6.33336	5.42077
86	6.26607	5.59056
86	6.16125	5.76046
86	6.03998	5.91748
86	5.94537	6.03946
86	5.26573	6.73172
86	4.56519	7.42918
86	3.83856	8.12382
86	3.25962	8.73116
86	2.70836	9.35284
86	2.45335	9.9934
86	2.07602	10.616

80	2	0
80	2.68453	0.562312
80	3.43843	1.13026
80	4.19121	1.66892
80	4.94159	2.11484
80	5.69273	2.47333
80	6.43625	2.91809
80	7.16927	3.23844
80	7.92085	2.53777
80	7.82782	2.58689
80	7.69146	2.77334
80	7.62903	2.78746
80	7.49901	2.98641
80	7.45222	2.99793
80	7.39547	3.07133
80	7.86065	3.25803
80	7.83884	3.28963
80	7.7198	3.45307
80	7.59978	3.57367
80	7.49253	3.6719
80	7.42074	3.73208
80	7.34135	3.85821
80	7.2461	3.96957
80	7.15844	4.07526
80	7.11715	4.12986
80	7.01073	4.30779
80	6.9178	4.43935
80	6.82608	4.57741
80	6.7123	4.77018
80	6.60912	4.94695

85	2	0
85	2.67903	0.538343
85	3.43745	1.07418
85	4.19433	1.59853
85	4.94779	2.06794
85	5.70116	2.50006
85	6.45315	2.84932
85	7.19893	2.94714
85	7.88838	2.28863
85	7.71661	2.42699
85	7.53256	2.63244
85	7.35342	2.84821
85	7.17779	3.07381
85	7.22745	3.34479
85	7.12047	3.53753
85	7.02386	3.69357
85	6.91923	3.85155
85	6.81269	4.0159
85	6.63668	4.25685
85	6.51185	4.47225
85	6.40638	4.67231
85	6.22027	4.9394
85	5.97446	5.27816
85	5.69609	5.66187
85	5.4081	6.07312
85	4.57403	6.81827
85	3.82132	7.56932
85	3.17883	8.33339
85	2.53415	9.10025
85	1.88801	9.86925

3	2	0
3	2.72897	0.525071
3	3.42767	1.01402
3	4.13495	1.51928
3	4.85787	2.06155
3	5.57955	2.60566
3	6.30091	3.15768
3	6.90097	3.59271
3	6.76475	3.45434
3	6.76679	3.71805
3	6.5885	3.65032
3	6.67653	3.89649
3	6.49595	3.85465
3	6.39275	4.13777
3	6.23331	4.04933
3	6.31528	4.27154
3	6.26191	4.53569
3	6.08186	4.4981
3	6.07085	4.72682
3	5.90139	4.66613
3	5.92893	4.86638
3	5.87057	5.08994
3	5.70835	5.35062
3	5.56904	5.57317
3	5.39544	5.49665
3	5.36431	5.63262
3	5.35583	5.75809
3	5.39037	5.87558
3	5.44253	5.99437
3	5.12481	6.37148

18	2	0
18	2.73459	0.549818
18	3.43279	1.05685
18	4.14256	1.58223
18	4.87103	2.14371
18	5.59867	2.70698
18	6.32687	3.27787
18	6.91646	3.71961
18	6.85026	3.72154
18	6.74859	3.77578
18	6.64004	3.8381
18	6.54989	3.86305
18	6.46186	3.88382
18	6.38338	3.90065
18	6.307	3.91238
18	6.23475	3.91719
18	6.17229	3.90928
18	6.11079	3.89803
18	6.06113	3.87277
18	6.30679	4.12572
18	6.47639	4.39986
18	6.34663	4.52151
18	6.22673	4.6225
18	6.1269	4.67662
18	6.03165	4.72022
18	5.94204	4.75003
18	5.85736	4.78452
18	5.77858	4.80892
18	5.70107	4.82804
18	5.63415	4.83181

58	2	0
58	2.72536	0.514183
58	3.43755	1.01862
58	4.15304	1.53076
58	4.87728	2.06796
58	5.60053	2.60702
58	6.32333	3.15292
58	6.98222	3.64483
58	6.89845	3.53515
58	6.77639	3.46758
58	6.9635	3.75623
58	6.81557	3.73484
58	6.67439	3.71325
58	6.80649	4.00793
58	6.63984	4.05152
58	6.49521	4.03218
58	6.65391	4.32137
58	6.47227	4.40431
58	6.48675	4.72315
58	6.29345	4.82623
58	6.14358	4.81436
58	6.00468	4.8008
58	6.09218	5.05253
58	6.0512	5.34057
58	5.87848	5.36917
58	5.79053	5.59519
58	5.62755	5.59479
58	5.59262	5.80907
58	5.5222	6.02322
58	4.88024	6.70974

5	2	0
5	2.73549	0.528541
5	3.44451	1.02593
5	4.16314	1.54062
5	4.89725	2.08958
5	5.6306	2.64016
5	6.36388	3.19721
5	6.98598	3.63101
5	6.90956	3.55325
5	7.00886	3.76724
5	6.9842	4.02901
5	6.88739	4.33056
5	6.75614	4.38772
5	6.64088	4.42238
5	6.62318	4.71765
5	6.49433	4.76044
5	6.44695	5.02059
5	6.27528	5.11679
5	6.16095	5.12124
5	6.14675	5.331
5	6.06573	5.55848
5	5.95601	5.78489
5	5.82991	6.03459
5	5.16848	6.70096
5	4.54221	7.3627
5	3.93604	8.02579
5	3.36837	8.62212
5	2.79721	9.21964
5	2.22292	9.81574
5	1.64641	10.413

17	2	0
17	2.64467	0.570623
17	3.38972	1.14071
17	4.1337	1.68369
17	4.87636	2.13813
17	5.61503	2.63518
17	6.35254	3.08069
17	7.0607	3.48881
17	7.79808	2.86697
17	7.71117	2.63223
17	7.43979	2.98383
17	7.20758	3.29453
17	7.43969	3.5925
17	7.35917	3.52386
17	7.17029	3.8147
17	6.94279	4.113
17	6.70127	4.43147
17	6.4573	4.77131
17	6.37099	5.05942
17	6.16562	5.35633
17	5.87857	5.73751
17	5.54211	6.1754
17	4.70589	6.91388
17	3.94693	7.65829
17	3.28829	8.4186
17	2.62738	9.18173
17	1.96473	9.94684
17	1.30042	10.7135
17	0.632867	11.4809
17	-0.0363545	12.2492

65	2	0
65	2.68023	0.599454
65	3.43809	1.19102
65	4.19436	1.77022
65	4.94729	2.29122
65	5.7002	2.76382
65	6.45023	3.24727
65	7.16679	3.72925
65	7.87889	3.11671
65	8.03083	3.1761
65	7.89174	3.42213
65	7.69652	3.67017
65	7.47813	3.92242
65	7.36192	3.98413
65	7.16863	4.2687
65	7.07051	4.39347
65	6.86127	4.68686
65	6.76212	4.86644
65	6.58073	5.13795
65	6.45682	5.3875
65	6.26171	5.69834
65	6.00572	6.09201
65	5.17513	6.83703
65	4.39647	7.59355
65	3.59316	8.35983
65	2.94655	9.13826
65	2.29637	9.91915
65	1.64452	10.7018
65	0.992233	11.485
65	0.332938	12.27

38	2	0
38	2.60737	0.556857
38	3.37149	1.11435
38	4.13378	1.66207
38	4.8927	2.16807
38	5.65094	2.646
38	6.4078	3.06575
38	7.13827	3.42991
38	7.88068	2.77459
38	7.88453	2.89038
38	7.82924	3.02147
38	7.79598	3.23892
38	7.70651	3.37796
38	7.52033	3.62358
38	7.34229	3.82846
38	7.23217	3.92877
38	7.11278	4.10054
38	7.04068	4.20364
38	6.91134	4.40311
38	6.70308	4.68721
38	6.4751	5.0042
38	6.23134	5.34902
38	5.97537	5.72159
38	5.67771	6.13654
38	4.83955	6.8792
38	4.07528	7.63029
38	3.25011	8.39383
38	2.58835	9.16411
38	1.92465	9.9366
38	1.25921	10.7108

39	2	0
39	2.7463	0.503148
39	3.43784	0.91657
39	4.1578	1.38895
39	4.90604	1.93069
39	5.65365	2.47633
39	6.40129	3.03196
39	7.07482	3.51438
39	7.08894	3.93034
39	6.91155	4.04974
39	6.76262	4.12614
39	6.68062	4.09248
39	6.56065	4.52494
39	6.43705	4.56397
39	6.34016	4.55802
39	6.26339	4.52714
39	6.23618	4.87448
39	6.12968	4.89851
39	6.05135	5.24512
39	5.97431	5.21148
39	5.88064	5.53616
39	5.75441	5.88002
39	5.66847	5.82952
39	5.56198	6.09355
39	4.91466	6.78697
39	4.23663	7.45873
39	3.55687	8.12778
39	3.03071	8.69391
39	2.55206	9.28365
39	3.09188	9.97863

34	2	0
34	2.73767	0.539326
34	3.45296	1.05622
34	4.17544	1.58564
34	4.91019	2.14282
34	5.30039	2.26632
34	6.03748	2.82983
34	6.77217	3.4002
34	7.08082	3.67343
34	7.09227	3.9997
34	7.01635	4.36318
34	6.84177	4.7942
34	6.72291	4.87478
34	6.58823	5.25797
34	6.39415	5.40071
34	6.24527	5.4854
34	6.13838	5.80089
34	5.98423	5.85946
34	5.87425	6.11177
34	5.21834	6.79337
34	4.55768	7.47154
34	3.93218	8.14672
34	3.37213	8.74912
34	2.80835	9.3516
34	2.28069	9.96178
34	2.50462	10.6019
34	2.15834	11.1781
34	1.86896	11.7623
34	1.59664	12.3506
34	1.53686	12.9629

24	2	0
24	2.65064	0.554093
24	3.39763	1.10719
24	4.14306	1.64939
24	4.88599	2.14015
24	5.62917	2.59697
24	6.37208	2.97589
24	7.11239	3.09938
24	7.85122	2.48472
24	7.71707	2.35931
24	7.48356	2.63917
24	7.26981	2.90104
24	7.19377	2.99208
24	7.03533	3.21304
24	7.42755	3.4888
24	7.26224	3.59466
24	7.02799	3.86525
24	6.80428	4.14205
24	6.74885	4.30352
24	6.58747	4.52529
24	6.56637	4.67716
24	6.34822	4.93532
24	6.10332	5.26554
24	5.82273	5.6429
24	5.51211	6.06055
24	4.67716	6.80375
24	3.926	7.55378
24	3.26646	8.31807
24	2.6048	9.08522
24	1.94174	9.85444

27	2	0
27	2.7461	0.514316
27	3.41579	0.904737
27	4.12395	1.36946
27	4.8688	1.91587
27	5.61282	2.46572
27	6.35702	3.02559
27	6.90077	3.37696
27	6.93125	3.73372
27	6.67906	4.21091
27	6.46989	4.67623
27	6.32395	4.67723
27	6.20043	4.64788
27	6.28173	4.94866
27	6.00711	5.40409
27	5.86361	5.40631
27	5.71491	5.73245
27	5.56127	6.03225
27	4.8967	6.72144
27	4.21311	7.38983
27	3.52847	8.05832
27	3.00325	8.62207
27	2.47334	9.18335
27	1.94047	9.7454
27	2.5089	10.4541
27	2.41411	11.0795
27	2.05299	11.6677
27	1.71984	12.2604
27	1.3709	12.8511
27	1.02807	13.4426

20	2	0
20	2.72897	0.489184
20	3.44117	0.960113
20	4.16034	1.44589
20	4.89159	1.96613
20	5.62253	2.4897
20	6.35329	3.02158
20	7.03432	3.51614
20	7.21437	3.85198
20	6.95734	4.33958
20	6.76632	4.3781
20	6.58978	4.35043
20	6.75126	4.67497
20	6.52208	4.76045
20	6.37794	5.13104
20	6.17413	5.11547
20	6.07929	5.39163
20	5.94689	5.6553
20	5.75203	5.57241
20	5.6639	5.73743
20	5.55116	5.88286
20	5.60385	5.9803
20	5.43027	6.14095
20	4.872	6.80442
20	4.21309	7.47768
20	3.53839	8.14475
20	3.15071	8.77681
20	2.72826	9.37813
20	2.2765	9.96602
20	1.80536	10.5464

36	2	0
36	2.73202	0.521842
36	3.41621	0.979319
36	4.11871	1.46841
36	4.84625	2.00938
36	5.57302	2.55284
36	6.30015	3.10479
36	6.87562	3.50015
36	6.99175	3.78081
36	6.84683	3.85979
36	6.69993	3.94271
36	6.57698	3.97159
36	6.57511	4.29336
36	6.46282	4.31712
36	6.34547	4.33843
36	6.41948	4.6121
36	6.26156	4.74239
36	6.13133	4.80239
36	6.06194	5.10791
36	5.92338	5.18566
36	5.80403	5.21205
36	5.77562	5.45543
36	5.79168	5.67493
36	5.67696	5.95356
36	5.54604	6.22209
36	4.90166	6.90103
36	4.25439	7.57931
36	3.61414	8.25646
36	3.11388	8.86338
36	2.60806	9.46792

10	2	0
10	2.72899	0.547737
10	3.49536	1.11121
10	4.25664	1.66808
10	4.99851	2.19976
10	5.72991	2.71415
10	6.44334	3.18975
10	7.07523	3.6494
10	7.73497	2.98905
10	7.6098	2.56643
10	7.36262	2.92771
10	7.13874	3.2311
10	7.02252	3.51996
10	7.04852	3.54917
10	6.85844	3.79714
10	6.68537	4.05388
10	6.52228	4.31842
10	6.36501	4.59318
10	6.21186	4.88079
10	6.06194	5.18365
10	5.924	5.48286
10	5.6922	5.84887
10	5.46126	6.25629
10	4.62455	7.00371
10	3.86064	7.76025
10	3.1992	8.53113
10	2.53617	9.30433
10	1.87138	10.0795
10	1.20483	10.8562
10	0.535661	11.6335

44	2	0
44	2.74721	0.554919
44	3.44589	1.04881
44	4.1644	1.57413
44	4.90438	2.1422
44	5.64377	2.71346
44	6.38322	3.29308
44	6.43459	3.31213
44	6.9203	3.69911
44	6.85759	4.07128
44	6.66417	4.21461
44	6.49063	4.3309
44	6.35632	4.38619
44	6.22695	4.43308
44	6.10629	4.4659
44	6.21847	4.75923
44	6.05846	4.8645
44	6.05208	5.16817
44	5.87971	5.29312
44	5.76852	5.593
44	5.60403	5.69238
44	5.50708	5.94982
44	5.35777	6.01691
44	4.69014	6.73238
44	3.99582	7.42893
44	3.44332	8.03609
44	2.87918	8.63719
44	3.45931	9.3552
44	2.95946	9.98314
44	2.43007	10.5997

59	2	0
59	2.73429	0.554752
59	3.42663	1.05986
59	4.13601	1.59201
59	4.86588	2.16454
59	5.59527	2.73965
59	6.32485	3.32292
59	6.92716	3.7899
59	6.91228	3.79608
59	6.84535	3.8663
59	6.79109	4.24555
59	6.67076	4.41128
59	6.54586	4.58553
59	6.44826	4.71613
59	6.32973	4.8817
59	6.22328	5.02783
59	6.11106	5.18081
59	5.99882	5.33157
59	5.92591	5.68453
59	5.80474	5.83562
59	5.67409	6.19378
59	5.01581	6.88302
59	4.38125	7.5654
59	3.74929	8.2487
59	3.24357	8.86591
59	2.73298	9.4814
59	2.21955	10.0989
59	1.70353	10.7156
59	1.1854	11.3331
59	0.673483	11.9537

26	2	0
26	2.72194	0.496412
26	3.42493	0.974287
26	4.13434	1.46519
26	4.85655	1.98935
26	5.57814	2.51614
26	6.29978	3.05066
26	6.93752	3.50924
26	7.07795	3.79524
26	6.9207	4.14408
26	6.76025	4.48106
26	6.56657	4.49029
26	6.52033	4.80954
26	6.32284	4.81844
26	6.26753	5.10917
26	6.12495	5.42295
26	5.90962	5.45905
26	5.81633	5.69072
26	5.68638	5.91695
26	5.54672	6.12006
26	4.89519	6.81675
26	4.23708	7.5087
26	3.61151	8.18503
26	3.0855	8.77236
26	2.97951	9.42717
26	2.66932	10.0614
26	2.2627	10.6707
26	1.84687	11.2783
26	1.46511	11.8927
26	1.04341	12.4987

53	2	0
53	2.72451	0.529095
53	3.42331	1.03241
53	4.12854	1.54721
53	4.84797	2.09283
53	5.56618	2.64038
53	6.28418	3.19539
53	6.89332	3.66442
53	6.68802	3.71899
53	6.49418	3.71417
53	6.60371	4.02376
53	6.38076	4.11961
53	6.18151	4.15767
53	5.99758	4.15755
53	5.8319	4.12117
53	6.06093	4.38752
53	6.12669	4.6728
53	5.91231	4.75688
53	5.71831	4.78781
53	5.75432	5.03795
53	5.55928	5.06509
53	5.55292	5.29848
53	5.55695	5.52765
53	5.40595	5.74498
53	5.20006	5.75651
53	5.10386	5.94846
53	5.03037	6.11749
53	4.40593	6.80217
53	3.76428	7.46569
53	3.23395	8.07318

92	2	0
92	2.7395	0.521704
92	3.41654	0.96277
92	4.12785	1.46021
92	4.87156	2.02284
92	5.61444	2.58892
92	6.35735	3.16515
92	6.96601	3.63168
92	6.84247	4.10899
92	6.67317	4.1901
92	6.51952	4.24545
92	6.37766	4.29969
92	6.38046	4.69948
92	6.20614	4.80882
92	6.05142	4.88428
92	6.00957	5.25058
92	5.84442	5.33756
92	5.74215	5.6844
92	5.58674	5.72881
92	5.50482	6.01989
92	4.8329	6.71646
92	4.14801	7.39215
92	3.50047	8.06344
92	2.94671	8.6494
92	2.3892	9.23244
92	1.82913	9.81825
92	2.33096	10.5171
92	2.09814	11.14
92	1.70271	11.7362
92	1.3018	12.332

50	2	0
50	2.6456	0.624347
50	3.40078	1.24363
50	4.15381	1.85262
50	4.9374	1.20458
50	5.68233	1.78878
50	6.42339	2.35
50	7.1478	2.86492
50	7.60398	3.10591
50	7.9568	3.0587
50	7.79126	3.33705
50	7.63764	3.51344
50	7.50889	3.6383
50	7.39451	3.76874
50	7.28959	3.89213
50	7.1838	4.0274
50	7.07895	4.16506
50	6.97282	4.31222
50	6.86685	4.4661
50	6.76063	4.62854
50	6.65442	4.79993
50	6.54805	4.98133
50	6.44116	5.17419
50	6.33304	5.38066
50	6.22894	5.58321
50	6.11837	5.80244
50	6.3281	5.17898
50	5.9703	5.67939
50	5.62225	6.19315
50	4.78787	6.94627

94	2	0
94	2.73724	0.528552
94	3.42335	0.991432
94	4.13073	1.4885
94	4.86414	2.03543
94	5.59696	2.5843
94	6.33028	3.14053
94	6.93014	3.54957
94	7.00817	3.72882
94	7.02293	4.02739
94	6.92849	4.11733
94	6.79641	4.23227
94	6.71448	4.28867
94	6.60481	4.37033
94	6.59711	4.64985
94	6.45707	4.77963
94	6.36821	4.84261
94	6.25621	4.92471
94	6.23003	5.18023
94	6.0938	5.29306
94	6.10285	5.51964
94	5.959	5.63397
94	5.87668	5.86903
94	5.76037	6.13145
94	5.12584	6.80816
94	4.50025	7.47772
94	3.88647	8.14992
94	3.33684	8.75311
94	2.78243	9.35486
94	2.22483	9.95658

54	2	0
54	2.66627	0.597714
54	3.42774	1.18812
54	4.18756	1.76676
54	4.94379	2.29012
54	5.69971	2.76867
54	6.45358	3.11689
54	7.17551	3.59844
54	7.89265	2.98626
54	7.79943	3.02829
54	7.8467	3.35149
54	7.77402	3.50988
54	7.62375	3.73129
54	7.45167	3.94269
54	7.26288	4.17572
54	7.06818	4.42207
54	6.87134	4.68856
54	6.67523	4.9765
54	6.48001	5.28825
54	6.2893	5.61308
54	6.05221	5.99942
54	5.7842	6.43142
54	4.95011	7.17892
54	4.1668	7.9356
54	3.35018	8.7012
54	2.69966	9.4778
54	2.04604	10.2566
54	1.39269	11.0371
54	0.735953	11.8176
54	0.0752764	12.5995

7	2	0
7	2.73854	0.521801
7	3.40754	0.949863
7	4.10451	1.42336
7	4.83322	1.95963
7	5.56139	2.49914
7	6.29007	3.04801
7	6.73361	3.34948
7	6.82044	3.63958
7	6.73527	3.99958
7	6.60553	4.3863
7	6.43176	4.79222
7	6.28134	4.8218
7	6.16647	5.16855
7	6.00475	5.19957
7	5.89652	5.5054
7	5.72521	5.53748
7	5.63386	5.79156
7	5.47348	6.06487
7	4.83395	6.75538
7	4.21915	7.41479
7	3.63882	8.06934
7	3.09532	8.67433
7	2.54793	9.27994
7	2.0362	9.89955
7	2.04117	10.5577
7	1.80471	11.1958
7	1.45986	11.8201
7	1.16082	12.4507
7	0.773174	13.067

28	2	0
28	2.73662	0.558993
28	3.33502	0.953919
28	4.02272	1.45954
28	4.75784	2.03698
28	5.49235	2.61625
28	6.22777	3.20274
28	6.83076	3.67375
28	6.65449	3.75558
28	6.48535	3.80202
28	6.59549	4.10272
28	6.39315	4.23363
28	6.21824	4.3071
28	6.05549	4.36267
28	5.91016	4.41552
28	5.91647	4.62526
28	6.05584	4.8992
28	5.87153	5.0169
28	5.69508	5.11032
28	5.69522	5.36349
28	5.51789	5.44869
28	5.4888	5.68371
28	5.38269	5.92534
28	5.1983	6.01563
28	4.52789	6.72659
28	3.83674	7.41837
28	3.26936	8.01518
28	2.69866	8.61474
28	2.12431	9.21189
28	1.5475	9.81039

89	2	0
89	2.69611	0.539812
89	3.4641	1.08712
89	4.22903	1.62535
89	4.9851	2.12559
89	5.73752	2.59847
89	6.48462	3.01218
89	7.21401	3.17772
89	7.95199	2.50837
89	8.00023	2.64011
89	7.90389	2.86187
89	7.76402	3.0763
89	7.83145	3.23892
89	7.67029	3.4726
89	7.48113	3.69897
89	7.27921	3.93611
89	7.07467	4.18705
89	6.87394	4.45417
89	6.68048	4.7391
89	6.50188	5.02644
89	6.26536	5.38192
89	6.00008	5.78632
89	5.72426	6.22391
89	4.88982	6.9669
89	4.1464	7.71389
89	3.37327	8.47097
89	2.7283	9.23588
89	2.08188	10.0029
89	1.43475	10.7716
89	0.785788	11.541

73	2	0
73	2.74657	0.555237
73	2.90167	0.460108
73	3.62801	0.995052
73	4.36347	1.54563
73	5.11249	2.12664
73	5.86059	2.71047
73	6.60806	3.30187
73	6.67849	3.48243
73	6.8244	3.80841
73	6.73022	4.199
73	6.55997	4.37084
73	6.40035	4.53481
73	6.27683	4.65713
73	6.15178	4.77066
73	6.03365	4.87699
73	5.92782	4.96334
73	5.97855	5.26358
73	5.82891	5.41643
73	5.69927	5.54097
73	5.60218	5.84039
73	5.49901	6.12609
73	4.80396	6.82958
73	4.11383	7.52923
73	3.44012	8.22734
73	2.87925	8.83302
73	2.31406	9.43648
73	1.74639	10.042
73	1.17612	10.6457
73	0.610075	11.2521

